"Malva_sylvestris_H2__P_1"	"Malva_sylvestris_H2__P_2"	"Malva_sylvestris_H2__P_3"	"Malva_sylvestris_H2__P_4"
84.2	84.28	36.18	191.94
84.2	84.28	36.18	191.94
84.2	84.28	36.18	191.94
82.86	156.36	85.8	131.09
331.73	242.99	1.11	147.97
-97.49	84.84	-117.54	24.31
178.71	53.61	336.14	121.69
-3.93	28.88	102.24	-41.68
-11855.56	-4916.67	1744.44	-5611.11
76.23	79.72	-22.31	85.36
-15.59	-63.72	-85.45	-128.27
143.22	41.6	55.4	200.51
50.33	76.8	222.88	156.21
-856.52	289.13	152.17	456.52
48.01	209.42	118.04	90.98
-94.38	162.85	127.31	144.18
-5.16	258.11	154.05	179.12
-556.79	66.05	45.68	206.17
208.08	-70.61	181.34	-22.01
-2441.94	-662.9	-558.06	-1983.87
-103.31	66.78	-18.2	22.93
-2252	150	-1068	-1348
51.75	235.6	17.51	158.37
74.85	41.99	9.73	-1.52
68.72	37.56	46.19	27.38
80.51	11.76	28.35	41.16
84.29	72.07	82.16	65
84.99	31.85	73.26	32.82
69.42	44.67	86.54	40.81
71.81	43.94	52.07	60.13
79.49	40.31	53.56	25.17
77.73	47.51	57.37	38.52
98.39	55.22	112.16	-6.83
56.89	65.58	59.29	26.77
49.66	21.47	58.4	46.66
69.9	30.66	52.61	43.88
74.18	21.78	56.12	7.63
103.3	60.6	77.4	0.57
55.59	25.31	63.71	26.37
44.18	37.98	62.49	18.59
25.19	17.76	51.41	28.82
46.01	30.08	60.33	29.13
43.77	21.45	66.39	30.31
43.16	46.2	50.69	22.15
65.07	41.48	49.56	54.39
62.3	31.83	53.01	17.53
57.52	25.03	49.98	25.63
50.68	38.08	48.82	14.72
94	35.19	60.37	31.63
74.99	42.19	53.51	22.36
60.3	-0.24	44.64	1.47
74.35	48.1	41.08	21.82
34.76	43.42	51.89	27.94
81.04	34.19	51.41	10.23
78.16	48.84	69.43	47.66
74.79	72.42	29.85	-0.73
66.01	41.96	46.09	38.48
83.58	5.02	38.87	35.35
93.36	56.46	75.95	37.22
76.57	43.31	62.94	11.67
63.42	21.9	50.65	26.64
74.4	26.27	74.87	41.71
56.27	41	65.61	24.09
53.8	54.06	54.65	40.73
76.93	52.48	41.22	30.72
44.2	56.45	34.48	40.06
75.36	46.69	24.61	41.31
32.14	37.13	50.1	2.3
72.43	39.51	62.41	46.66
76.74	54.69	54.71	46.11
82.86	36.69	40.83	11.12
36.93	31.66	32.99	21.74
47.09	50.77	59.86	7.87
71.54	36.49	48.95	23.31
45.06	43.6	55.15	45.96
61.05	22.77	66.52	30.65
57.91	57.64	38.47	30.22
77.35	57.95	57.71	28.84
53.8	46.71	77.82	33.38
46.54	13.35	26.14	20.18
81.94	43.45	63.77	38.07
69.43	40.83	63.57	48.05
59.11	28.01	58.06	32.49
37.74	30.5	27.94	14.21
92.89	33.94	52.57	28.21
57.72	47.79	65.16	-1.2
73.53	53.29	67.68	51.11
62.52	46.07	67.86	33.09
52.27	49.51	46.09	18.34
36.66	38.06	60.48	25.74
63.13	33.95	43.83	43.77
63.36	68.92	52.2	34.07
51.37	47.2	57.61	17.35
63.41	43.66	59.51	11.73
56.08	20.45	56.54	0.97
57.88	36.95	72.08	47.77
92.57	55.01	68.13	24.72
60.78	31.67	43.96	22.53
49.66	17.62	39.79	3.76
108.77	57.52	32.45	50.58
44.6	12.24	31.02	16.4
53.21	38.79	48.05	43.05
44.54	19.9	37.78	-6.07
52.19	35.32	38.2	45.44
51.36	18.21	50.09	31.89
58.79	33.72	58.4	25.46
48.88	14.79	42.62	16.6
51.55	27.18	38.48	14.93
53.98	32.76	46.24	23.23
66.7	23.95	41.63	21.04
70.17	37.79	55.32	27.94
76.61	41.86	64.88	29.65
39.44	36.98	32.09	21.12
78.47	56.23	71.72	31.18
44.95	13.61	43.67	17.98
43.8	29.62	61.88	7.87
49.6	18.13	48.82	16.79
55.42	26.79	27.02	4.41
59.06	33.74	53.12	26.09
45.6	7.41	17.81	2.71
34.11	33.93	27.92	7.68
36.32	14.32	3.84	-2.95
46.79	26.81	29.17	13.2
47.01	21	22.54	14.85
30.16	11.48	15.11	16.08
38.68	12.81	40.63	23.07
40.9	15.29	21.67	22.17
40.81	17.45	28.84	21.1
34.87	6.52	8.98	11.11
26.01	1.37	14.48	13.11
23.93	7.18	8.04	11.17
28.07	8.02	9.29	10.01
28.52	7.47	10.66	5.83
29.25	10.81	18.84	11.93
29.63	10.44	11.85	10.27
27.57	9.87	17.33	5.73
25.96	15.01	15.34	11.9
28.68	6.37	11.61	10.68
30.52	8.29	18.06	10.71
26.43	7.54	9.32	6.38
29.38	14.59	17.89	10.94
24.51	8.75	14.26	10.29
26.47	7.43	14.03	8.72
22.75	4.18	10.93	6.75
26.66	7.3	14.13	11.81
23.87	6.26	12.41	5.68
25.14	10.23	15.75	14.15
28.07	9.06	18.14	12.76
24.17	9.1	11.25	9.44
26.5	5.23	14.89	9.43
26.49	7.73	13.08	8.18
24.59	8.28	11.63	8.85
22.96	4.27	11.85	8.22
26.92	6.11	10.69	10.33
23.7	5.16	12.63	7.34
22.69	5.84	10.24	5.76
25.51	7.97	14.51	8.53
24.59	5.97	10.15	9.15
21.75	2.92	8.82	5.88
21.34	3.02	9.44	8.05
20.69	3.39	9.71	8.47
20.56	3.46	8.25	6.24
20.65	4.02	6.84	6.38
19.58	4.13	8.01	7.13
19.07	3.79	6.6	7.64
19.81	3.18	6.76	6.3
21.1	3.17	8.05	7.41
20.01	3.28	6.68	6.92
21.01	4.11	8.71	7.35
19.71	3.53	7.4	6.69
22.96	4.43	9.91	8.18
20.99	3.84	7.48	7.42
19.52	2.58	6.92	6.36
18.8	3.27	7.81	6.58
18.4	2.67	7.02	6.06
17.86	2.38	6.12	6.13
17.92	2.47	6.16	6.54
18.36	2.62	6.76	6.79
19.11	2.4	6.72	6.58
19.3	2.4	6.69	6.45
19.88	3.04	7.04	6.56
19.53	3.18	7.13	7.26
20.2	3.33	7.25	7.2
20.63	3.12	7.33	6.96
21.02	3.44	7.83	7.39
20.73	4.32	8.62	7.68
21.28	4.19	8.41	7.35
20.57	2.68	7.93	7.43
19.29	4.11	8.39	7.73
19.17	3.47	7.97	7.14
18.94	3.34	7.66	6.65
19.09	3.25	7.95	7.09
19.7	3.39	8.17	7.41
20.14	2.76	7.48	7.01
21.17	3.88	8.05	7.79
20.77	4.38	9.1	8.65
21.36	4.73	9.21	9.2
20.74	3.91	9.72	8.64
20.08	3.81	8.48	7.72
21	5.07	10.06	8.54
21.36	4.51	9.5	8.11
20.61	3.69	9.47	9.05
20.38	3.82	8.12	7.53
20.79	3.97	8.11	7.76
19.89	3.21	8.86	7.84
19.91	3.4	9.47	7.58
19.84	3.38	8.01	7.15
19.45	3.57	8.23	7.34
19.16	3.29	7.84	7.74
17.75	2.65	7.18	6.87
17.52	2.47	6.99	6.94
17.2	2.55	7.15	6.59
18.09	2.58	7.19	6.86
18.56	2.75	7.37	6.91
20.13	2.85	7.97	7.53
19.98	2.97	8.55	7.77
20.54	3.22	9	7.45
20.03	3.29	8.92	7.61
18.77	3.14	8.39	8.17
19.54	3.4	8.79	8
20.26	3.6	8.98	8.11
20.54	3.8	9.13	7.7
19.8	2.82	8.25	7.52
20.81	3.75	8.81	7.32
20.49	4.08	9.13	8.3
19.36	3.16	8.25	7.46
18.96	3.73	8.45	7.36
19.8	2.88	8.98	7.32
18.91	3.26	8.16	7.31
18.23	3.04	8.25	7.22
18.78	2.94	8.39	7.4
19.26	3.78	8.69	7.21
19.65	3.14	8.15	7.33
19.45	3.59	8.51	7.25
19.49	3.64	9.03	7.61
19.22	3.48	8.44	7.13
18.85	3.61	8.3	7.85
18.73	3.18	8	6.7
18.87	3.12	8.51	7.46
18.78	3.36	8.39	7.07
18.44	3.4	8.09	7.02
18.75	3.47	8.54	6.98
17.91	2.91	7.7	6.66
18.08	3.23	8.26	7.13
18.24	2.66	7.67	7.16
18.31	2.95	8.11	7.01
18.32	3.08	8.53	7.59
18.68	3.03	8.41	6.83
19.24	3.34	8.25	7.44
19.81	3.69	8.99	7.75
19.1	3.31	9.33	7.09
18.86	3.56	9.03	7.88
19.17	3.43	9.24	7.6
18.66	3.36	8.2	7.63
18.87	2.67	9.15	6.58
18.94	2.69	8.39	7
18.72	2.7	8.56	6.65
19.17	3.14	9.78	7.73
19.51	3.61	9.21	7.8
19.21	3.15	8.99	7.3
18.69	3.09	9.21	6.92
19.41	4.01	9.66	7.28
18.86	3.25	9.24	7.43
18.83	3.33	9.34	7.45
18.63	3.8	8.87	7.25
18.81	3.12	9.87	7.33
18.81	3.39	9.52	7.48
18.88	3.27	9.3	7.58
18.01	3.26	9.69	7.15
18.15	2.92	9.28	7.55
18.54	3.34	9.39	7.3
18.09	3.17	9.39	7.13
18.48	2.91	9.75	7.07
18.53	3.44	10.13	7.42
18.37	3.3	9.64	7.26
18.81	3.74	9.82	7.34
18.34	3.27	9.87	6.67
18.32	3.22	9.75	7.4
18.1	3.47	9.52	7.48
18	3.28	9.91	7.47
17.76	3.17	9.65	7.16
17.91	2.9	9.63	7.31
18.73	3.41	10.02	7.7
18.48	3.06	10.02	7.26
18.39	3.41	9.9	7.39
19.33	3.4	10.43	7.57
18.84	3.47	10.9	7.29
19.03	3.59	10.94	8.01
18.4	3.79	10.52	7.78
18.68	3.96	10.84	7.76
18.51	3.09	10.27	7.7
18.21	3.46	11.04	7.88
18.5	3.46	10.83	7.7
18.1	2.87	10.35	7.13
18.38	3.32	10.97	7.81
18.6	3.97	11.13	8.12
18.54	3.68	11.4	8.17
19.24	4.27	12.3	8.75
19.04	3.51	12.19	8.07
19.8	4.17	12.59	8.31
18.79	3.62	11.97	7.87
19.14	3.39	11.85	8.15
18.71	3.56	12.22	8.75
18.81	3.4	11.61	8.25
18.91	3.41	12.04	8.64
18.82	3.56	12.2	8.25
18.79	3.24	12.04	8.18
18.41	3.63	11.7	8.54
18.21	3.81	12.12	8.56
17.88	3.44	12.16	8.27
18.38	3.56	12.03	8.2
18.23	3.68	12.26	8.57
18.11	3.34	12.43	8.21
19.3	3.85	13.21	8.55
18.88	3.84	12.85	8.55
19.42	3.4	12.97	8.33
19.32	3.64	13.14	9.12
19.56	4.23	13.16	8.85
18.98	3.57	13.01	8.17
19.23	3.51	13.42	8.73
19.52	4.14	13.51	9.13
19.84	3.81	13.36	9.13
19.37	3.91	14	9.5
18.57	3.71	13.34	9.25
19.07	4.53	12.97	8.82
19.54	4.18	13.6	9.14
19.34	4.16	13.4	8.91
19.29	4.02	13.6	8.74
19.13	3.05	13.41	8.73
19.74	3.77	13.69	8.73
19.4	4.36	13.62	9.34
19.13	4.37	13.72	9.11
19.13	4.36	14.38	8.75
19.58	4.12	13.37	9.65
19.35	4.33	13.79	9.1
20.06	4.78	14.82	9.21
19.78	4.46	14.13	9.16
19.29	4.21	14.07	9.12
19.24	4.19	13.68	8.99
19.34	3.93	13.94	9.45
19.34	4.44	14.86	9.94
18.96	4.09	13.24	9
19.37	4.17	14.19	9.46
19.17	3.63	13.71	9.45
18.95	4.41	13.55	9.21
18.82	4.11	13.58	9.47
18.77	3.82	13.54	9.09
19.28	3.85	13.84	9.06
19.24	4.15	13.93	9.27
18.57	3.76	13.3	9.27
19.05	3.59	13.84	9.02
19.39	4.09	14.16	9.39
19.31	3.95	13.9	9.62
19.77	4.05	14.26	9.45
19.29	3.81	13.94	9.52
19.56	4.01	14.42	9.26
19.51	3.59	14.19	9.04
19.27	4	13.9	9.48
20.21	4.42	14.7	10.34
19.57	3.68	14.17	9.71
19.5	3.51	14.08	9.36
20.15	4.1	14.18	9.84
19.45	3.76	13.75	8.89
19.97	5.13	14.85	10
19.84	3.77	14.6	9.18
19.34	3.38	13.95	9.09
19.61	4.41	14.69	10.03
19.38	3.72	14.69	9.42
19.76	3.97	14.1	9.32
19.54	3.84	14.14	9.44
19.89	4.3	14.77	9.57
19.56	4.23	14.46	9.5
19.58	4.16	14.32	9.62
20.25	3.91	14.64	9.68
19.83	4.08	14.41	9.61
20.94	4.28	15.23	10.08
19.53	3.66	13.44	9.82
19.52	3.57	13.99	9.95
20	4	14.14	9.46
19.47	4.1	14.13	9.2
19.25	3.57	14.25	9.94
19.29	3.67	13.82	9.2
18.88	3.15	13.62	9.2
19.19	4.34	13.74	9.43
18.8	3.79	13.64	9.4
19.25	3.93	13.79	9.57
19.12	3.86	14.47	9.15
19.28	3.84	14.49	9.96
19.09	3.97	14.03	9.11
18.27	3.42	13.9	8.75
18.98	3.62	14.06	9.17
20.03	4.38	14.67	9.82
20.1	3.96	14.03	9.5
20.23	4.49	15.09	10.09
20.27	4.71	14.49	10.25
19.62	4.04	14.13	9.38
19.14	3.4	14.37	8.74
19.61	4.03	15.02	8.63
19.27	3.64	13.95	8.96
18.72	3.39	14.16	9.67
19.19	3.77	14.34	9.25
20.14	5.07	14.73	9.71
19.4	4.12	14.81	9.64
19.94	4.11	14.72	9.81
20.24	3.97	14.65	9.49
19.19	3.23	14.22	9.24
19.25	4.61	14.42	9.26
19.12	4.17	14.71	9.53
19.2	3.97	14.41	9.31
19.84	4.13	15.34	9.91
19.42	3.91	15.2	9.78
19.61	4.54	15.28	9.62
19.51	4.13	15.31	10.05
19.53	4.43	15.1	10.57
19.51	4.29	14.74	10.09
19.31	4.24	14.96	10.68
18.03	3.67	14.75	9.74
19.22	4.44	15.39	9.07
19.25	4.86	15.78	10.35
19.72	4.18	14.8	9.59
19.46	3.92	15.67	10.18
19.96	3.73	15.44	9.77
19.57	3.81	15.9	9.97
19.73	4.86	15.91	9.93
19.92	4.79	16.24	10.7
20.91	4.82	17.06	10.97
20.39	5.01	16.07	10.84
20.96	4.7	16.99	10.97
20.44	4.42	16.05	10.32
19.61	4.45	16.59	10.78
20.1	4.65	16.31	10.77
20.25	4.2	17.3	10.9
19.96	4.6	16.74	10.55
20.12	5.07	17.63	11.02
20.64	5.13	17.09	11.38
20.37	5.53	17.62	10.92
20.84	5.12	17.34	11.78
20.44	4.71	17.79	11.47
20.27	4.55	17.21	10.88
20.72	5.05	17.74	11.66
20.67	5.24	18.2	11.61
21.15	5.09	18.17	11.83
21.05	5.29	18.83	12.37
20.8	4.99	17.93	11.48
22.08	6.09	19.58	12.38
22.81	5.54	20.08	12.07
22.58	5.99	20.65	12.93
22.96	5.87	20.16	12.29
22.29	6.3	20.3	12.75
23.37	6	20.98	13.34
22.37	6.4	20.73	13.41
22.78	5.8	21.1	12.94
23.28	5.97	21.35	13.48
23.36	6.74	21.98	14.18
22.56	6.14	21.85	13.67
23.36	6.68	22.26	14.41
24.25	6.61	21.8	14.34
23.94	6.74	22.31	14.27
24.93	7.03	23.37	14.79
24.54	7.35	23.07	14.9
25.34	7.12	23.72	15.24
24.7	7.85	23.55	15.06
25.54	7.68	23.8	15.39
25.37	7.75	24.27	15.6
25.56	8.58	24.78	15.6
26.31	8.45	25.18	16.61
25.58	7.95	25.01	15.86
26.17	8.61	25.1	16.49
25.95	8.46	25.45	16.79
26.66	9.3	25.54	17.26
26.87	9.1	25.94	17.36
26.87	8.98	26.65	16.91
27.09	9.77	26.4	17.63
27.05	9.14	26.5	17.49
28.46	9.55	27.58	18.39
28.35	9.79	28.32	18.71
28.88	10.26	28.75	19.22
29.69	11.2	29.73	18.99
30.3	10.96	29.59	19.48
30	11.1	29.63	19.98
29.76	10.99	29.23	19.32
29.88	11.38	29.96	19.76
29.97	11.77	29.99	20.01
30.81	11.81	30.15	20.39
30.3	11.3	30.34	20.31
30.35	12.05	30.46	21.14
31.76	11.96	31.74	21.09
32.78	13	32.66	21.41
33.05	13.47	33.45	21.92
34.44	13.59	34.22	22.76
34.68	13.67	34.55	22.77
34.89	13.92	34.35	22.64
35.96	14.67	34.85	23.63
35.8	14.48	35.37	23.27
36.98	15.05	36.54	24.05
37.04	15.53	36.4	24.48
37.73	16.19	36.86	24.63
38.38	15.96	37.83	25.67
38.1	16.85	38.39	25.71
39.16	16.93	38.35	26.02
39.71	18.04	39.05	26.3
40.23	17.69	39.74	27.24
41.11	18.09	40.55	27.78
41.9	18.9	41.01	27.99
42.43	18.49	40.9	28.23
43.16	19.46	41.59	28.73
43.2	19.87	41.85	28.49
44.02	20.35	42.69	29.35
45.15	20.65	43.1	30.51
44.66	21.03	43.03	29.77
45.08	21.24	43.63	29.85
45.57	21.86	43.66	30.45
47.13	22.08	45.43	30.94
47.81	22.13	45.53	31.83
48.23	23.13	45.55	31.46
49.52	23.93	47.32	32.07
49.13	23.39	46.99	33
50.37	24.94	47.45	33.26
50.88	24.98	49.25	33.62
51.02	25.09	48.35	34.18
52.62	25.66	49.26	34.5
52.79	26.42	49.36	34.62
52.62	26.19	49.66	34.8
53.36	26.26	49.23	35.67
53.64	26.75	50.09	35.65
53.97	28.11	50.56	35.5
55.08	28.4	51.35	36.16
54.49	27.33	51	36.23
55.24	28.43	51.55	36.59
55.7	28.77	52.7	37.66
56.79	30.14	53.96	38.26
58.34	30.67	54.48	39.14
58.55	30.75	54.33	37.8
59.38	31.27	54.55	38.84
59.74	31.74	55.55	39.32
59.76	31.9	55.89	39.35
61.13	32.04	56.58	39.66
61.3	32.92	56.52	40.76
62.52	33.74	56.55	40.51
62.82	34.54	57.24	41.56
63.98	34.41	58.49	41.55
63.57	34.7	58.37	41.82
64.27	34.97	58.08	41.76
64.18	35.09	58.72	42.07
65.77	35.43	59.94	43.21
65.94	36.35	59.48	43.39
66.03	36.89	60.61	43.62
67.11	37.87	60.6	43.93
67.78	38.07	61.57	44.23
68.99	38.77	61.42	44.31
68.55	39.09	62.08	44.23
69.55	39	62.21	45.19
70.35	40.32	64.32	45.79
70.77	39.89	63.86	46.19
69.83	40.11	63.34	46.06
70.34	40.26	63.61	46.14
71.13	40.99	63.19	45.77
72.16	41.38	64.3	46.88
72.77	42.52	64.98	47.27
73.19	43.18	66.73	47.37
73.35	43.25	65.88	48
73.76	42.97	65.23	47.65
74.02	43.24	65.68	47.89
73.28	43.86	66.1	48.11
75.26	44.32	66.18	48.56
75.17	44.21	66.25	48.62
74.63	44.47	65.93	48.48
75.7	44.66	66.11	48.72
76.51	45.95	67.92	49.65
77.6	47	68.48	49.96
78.06	47.09	68.18	49.91
78.07	47.06	69.1	50.19
78.83	47.46	69.08	50.81
78.5	46.91	68.49	50.01
78.17	47.98	69.27	51.19
78.77	48.1	68.75	50.89
80.49	49.57	70.51	51.03
81.37	49.26	70.68	51.16
82.96	50.47	71.81	52.9
81.88	50.58	71.73	52.1
82.73	49.54	71.07	51.75
81.69	50.42	71.22	52.37
83.66	51.31	71.95	52.77
81.96	50.92	71.62	52.75
82.34	50.83	71.88	52.49
83.1	51.23	71.72	53.17
83.96	52.28	72.25	53.26
83.17	51.34	71.78	52.61
84.13	52.5	72.55	53.6
83.95	51.89	72.16	53.43
84.57	53.54	73.48	54.3
84.99	53.18	73.39	54.21
86.26	54.33	73.63	53.51
85.75	53.75	73.31	54.19
85.47	53.79	73.64	54.27
85.57	53.57	73.63	53.91
84.6	53.84	73.46	54.06
85.19	53.29	73.74	53.92
85.19	54.76	72.83	54.24
84.65	54.07	72.79	53.73
84.52	53.87	72.78	53.52
84.46	54.44	72.92	53.67
84.34	54.5	72.98	54.02
84.33	54.47	73.88	54.59
86.15	54.9	73.82	54.27
85.79	55.38	74.63	54.97
86.63	55.05	74.71	54.7
86.74	55.73	74.67	55.14
88.01	56.02	75.32	55.81
88.25	56.54	75.67	55.57
88.07	57.02	76.01	55.5
89.13	56.71	75.55	56.13
88.56	57.61	75.89	56.08
88.21	57.55	75	56.18
89.38	57.25	75.5	55.92
87.53	55.73	74.7	55.44
86.83	56.61	74.76	55.75
87.57	57.49	75.7	55.61
86.84	57.03	74.64	56.3
87.1	57.01	74.99	55.27
88.51	57.52	75.86	56.21
89.46	58.26	76.83	57.01
89.66	58.54	76.73	55.96
87.49	57.94	75.56	55.55
89.31	57.92	75.44	55.83
89.38	58.6	77.06	56.15
88.3	57.86	75.44	55.86
88.64	58.2	76.99	56.9
88.32	58.05	74.97	55.15
87.97	57.44	75.5	55.7
88.32	57.63	75.34	56.72
87.93	57.77	74.78	55.76
87.43	57.59	74.48	55.46
86.69	56.92	73.83	54.88
86.5	57.26	74.09	54.87
87.01	56.79	74.39	55.23
87.15	57.97	74.71	55.56
87.07	57.47	74.13	55.49
85.91	56.89	74.03	54.79
85.26	56.06	73.07	54.39
85.52	56.23	72.98	54.22
86	56.92	73.28	54.34
85.77	56.68	73.39	54.49
86.04	57.25	73.7	54.63
85.37	56.86	73.37	54.31
85.27	56.82	73.21	54.59
85.54	56.38	72.71	54.28
84.25	55.96	72.19	53.47
84.26	56.1	72.43	54.11
85.56	56.77	73.47	54.3
86.4	57.11	73.75	54.43
87.08	56.84	73.43	54.34
86.7	57.09	73.13	54.06
86.11	56.97	73.32	54.14
86.06	56.73	72.82	53.57
85.17	56.54	72.65	53.97
84.54	56.28	72.36	53.83
84.92	56.25	72.98	54.49
85.82	56.61	73.44	54.31
86.18	57.32	73.69	54.23
86.69	57.62	74.36	54.94
86.63	57.44	73.16	54.29
87.4	57.37	74.35	54.53
87.33	58.51	74.46	55.3
87.59	58.12	74.43	54.9
88.41	58.99	74.82	55.19
88.08	58.91	75.21	55.87
87.98	58.74	75.39	55.46
86.78	58.62	75.11	55.28
87.09	58.69	74.13	55.35
86.62	58.28	74.67	55.05
86.66	58.5	74.24	54.42
87.51	58.79	74.3	54.72
86.9	58.44	74.14	55.21
87.03	58.59	74.88	55.19
86.65	57.59	74.16	54.79
86.25	57.6	73.83	54.65
86.95	58.26	73.6	54.8
85.55	57.55	73.41	54.11
84.93	57.3	72.94	53.31
85.02	57.11	73.02	53.69
84.57	56.96	72.78	53.46
84.73	56.91	72.93	53.5
85.18	57.62	73.38	54.17
86.32	57.56	73.73	54.25
86.77	58.25	74.78	54.69
87.22	58.22	75.06	54.74
86.53	57.98	74.51	54.39
87.23	58.63	74.3	55.14
86.81	57.92	73.72	53.99
86.98	58.49	74.36	54.96
86.17	58.4	73.29	54.03
85.93	57.83	73.8	53.72
84.65	57.63	73.15	53.49
85.56	57.56	73.15	53.39
85.7	57.95	73.49	53.94
84.7	57.2	73.13	54.19
84.23	56.65	72.17	53.6
84.4	56.72	72.84	52.82
83.19	56.57	72.02	52.95
84.28	56.57	72.88	53.36
83.46	56.4	71.94	52.37
84.31	56.43	72.64	53.05
83.66	56.68	72.27	52.33
84.65	57.37	72.89	53.51
84.79	57.54	72.58	53.76
85.47	57.41	72.82	52.82
85.87	58.31	74.29	53.54
85.88	57.77	73.12	53.36
85.43	57.72	73.52	53.47
84.9	57.93	73.46	53.14
84.45	57.48	72.32	52.95
84.08	57.15	71.99	52.34
83.54	56.47	72.47	52.41
82.68	55.83	71.29	51.89
82.07	55.62	70.86	52.02
82.11	55.24	71.22	51.75
81.97	56.03	70.83	51.76
82.39	55.81	71.36	51.46
82.74	56.04	71.43	52.07
83.32	56.84	71.77	52.15
84.41	57.49	72.62	52.81
84.35	57.08	72.85	52.55
85.22	57.44	73.22	52.93
83.97	57.07	72.94	52.53
84.7	57.44	72.76	52.41
84.58	57.2	73.06	52.38
85.09	57.67	72.44	53.09
85.04	57.8	73.13	52.8
85.36	57.85	73.27	52.86
85.02	58.06	72.57	52.28
83.99	57.72	72.33	52.61
83.55	57.23	72.99	52.05
83.66	57.05	72.02	52.05
81.91	55.58	70.98	51.05
82.07	56.16	71.69	51.18
82.7	56.55	71.71	51.7
83.24	56.81	72.33	52.01
83.89	56.95	72.04	52.03
82.54	56.7	71.74	51.4
83.04	57.01	72.15	50.99
83.3	57.12	71.47	51.11
83.24	57.42	72.11	51.48
82.71	57.16	72.54	51.79
83.55	57.36	72.97	51.63
84.11	57.44	72.52	52.03
83.39	57.2	72.46	51.37
82.14	56.62	71.69	50.91
82.57	56.13	71.48	50.88
82.2	56.34	70.88	50.84
81.86	56.14	71.14	50.79
81.02	56.1	70.66	50.92
80.7	55.28	69.87	50.2
79.43	54.66	69.49	49.59
78.67	54.15	68.33	48.89
78.12	53.91	68.56	48.96
78.48	54.01	68.92	48.74
79.42	54.11	68.64	48.69
80.4	55.48	70.36	49.52
81.79	56.24	70.37	49.55
82.08	55.95	71.32	50.16
82.68	56.77	71.76	49.77
82.86	56.36	71.81	49.96
83.03	57.09	71.66	50.05
83.74	57	71.9	50.44
81.43	56.15	71.29	50.02
81.44	56	71.22	49.16
81.28	56.84	71.2	49.95
80.57	56.61	70.55	49.25
78.94	55.52	70.06	49.19
79.54	55.19	69.43	48.92
80.47	55.43	70.08	48.84
80.29	55.44	70.15	49.14
79.69	55.36	70.06	48.66
80.37	55.37	69.97	48.54
80.15	55.44	70.17	48.46
79.81	55.09	70.02	48.21
80.51	55.89	71.52	48.64
80.02	55.96	70.68	48.36
79.68	55.72	70.76	48.28
80.66	56.12	70.71	48.41
80.61	55.88	71.23	48.49
79.14	55.4	69.78	47.88
79.29	55.22	70.34	47.87
79.22	54.79	69.35	47.47
78.37	55.26	69.96	47.49
78.39	55.17	69.84	47
78.06	54.29	69.17	46.72
79.04	54.62	69.19	46.85
77.85	54.13	68.44	46.6
78.06	54.7	69.12	46.46
77.02	54.07	68.77	46.45
77.09	54.01	69.03	46.26
77.63	54.43	68.93	46.29
78.03	54.73	69.06	46.41
77.03	54.43	68.77	45.95
77.4	54.07	68.56	45.73
76.44	53.95	68.05	45.64
76.96	53.91	68	45.5
76.14	53.39	67.66	45.33
75.31	53.27	66.85	44.96
74.09	52.61	65.98	44.2
74.34	52.06	65.94	43.95
73.69	52.03	66.15	44.16
73.07	51.67	65.62	43.31
73.64	51.67	65.51	43.42
73.14	50.45	64.31	43.29
72.91	51.12	64.86	42.82
72.26	50.93	65.25	43.02
72.45	50.93	64.59	42.77
72.75	51.5	65.58	42.67
72.5	51.55	64.62	42.64
72.8	50.61	64.05	42.33
71.93	50.9	64.03	41.59
71.52	50.57	64.04	41.22
71.61	50.45	63.78	41.21
70.85	50.04	63.73	41.02
69.68	49.53	62.68	40.91
68.02	48.58	62.09	39.89
67.83	48.07	60.96	39.48
67.05	47.76	60.34	39.16
65.42	46.51	58.51	38.45
64	45.48	57.7	37.53
63.28	45.25	57.13	37.55
65.44	46.95	59.14	38.94
68.43	49.14	62.21	40.5
68.53	49.31	62.08	40.15
68.71	48.83	61.84	39.29
68.77	48.79	61.87	38.97
68.55	48.54	61.4	38.49
67.27	47.87	60.11	37.68
65.77	47.08	59.35	37.2
64.12	45.94	57.79	36.63
62.27	44.72	56.44	35.97
61.66	44.6	55.99	35.82
62.13	44.54	56.42	35.89
62.61	45.08	57.23	36.05
63.23	45.61	57.47	36.2
63.77	45.96	57.72	36.19
64.37	46.27	58.45	36.21
65.15	46.39	58.62	36.09
64.43	46.22	58.04	35.91
63.86	46.2	57.96	35.52
62.7	45.14	56.54	35
60.18	43.55	54.67	33.64
58.48	42.63	53.82	33.45
58.07	42.08	53.16	32.85
58.97	42.9	54.24	33.61
60.67	43.55	55.04	34.02
61.25	44.42	56.52	34.08
62.43	44.83	56.67	34.15
62.77	45.43	57.41	33.86
62.45	45	56.88	33.93
62.14	45.05	57.03	33.91
61.4	44.64	56.48	33.58
60.87	44.17	55.89	33.5
60.57	44.17	55.48	33.27
59.64	43.57	54.78	32.76
58.57	42.76	53.99	32.01
57.71	42.01	53.37	31.9
56.66	41.74	52.7	31.33
56.41	40.75	52.45	31.16
56.19	41.37	52.4	31
56.47	41.05	52.49	31.2
57.29	41.58	52.74	30.88
56.83	41.38	52.38	30.82
55.91	40.97	52.38	30.75
56.21	41.43	52.23	30.26
55.94	40.77	51.78	30.32
55.71	40.78	51.94	30.73
55.99	40.73	51.99	30.09
55.66	40.74	51.37	29.79
54.96	40.19	51.48	29.82
54.9	40.28	51.51	29.47
54.65	40.4	51.02	29.69
54.43	40.64	51.04	29.01
54.65	39.86	50.7	28.81
53.71	39.74	50.45	28.71
53.47	39.47	49.83	28.17
52.94	39.15	50.12	28.35
52.38	38.57	48.68	27.8
51.81	38.13	48.48	27.71
51.7	37.95	48.68	27.16
51.36	37.89	48.28	27.24
51.04	37.88	47.85	27.09
51.16	37.5	47.68	26.99
50.66	37.35	47.71	26.9
50.2	37.33	47.23	26.49
50.49	36.82	47.39	26.28
49.93	37.24	47.14	26.31
49.54	36.84	46.28	25.82
48.97	36.49	46.6	25.64
48.57	35.91	45.58	25.29
47.63	34.92	44.62	25
47.06	34.9	44.62	24.71
47.31	35.01	45.11	24.5
46.79	34.6	44.33	24.16
46.96	34.48	44.76	23.99
46.81	34.69	44.36	24.19
46.44	34.66	44.28	23.92
46.59	34.26	43.84	23.82
45.56	34.04	43.17	23.43
46.02	33.92	42.99	23.61
45.6	33.6	42.88	23.3
45.07	33.17	42.98	22.83
44.53	32.99	42.21	22.55
44.58	33.42	42.41	22.86
44.5	32.69	42.13	22.32
44.12	32.74	42.04	22.54
44.4	33.21	42.37	22.48
43.62	32.46	41.81	22.29
43.76	32.82	41.69	22.38
43.72	32.22	41.63	22.44
43.02	31.8	41.21	22
43.28	31.55	40.75	21.83
42.48	31.54	40.54	21.5
42.08	31.02	40.18	21.2
41.9	31.11	39.8	20.82
41.17	30.56	39.46	20.77
40.57	29.98	38.64	20.61
40.36	29.85	38.79	20.51
39.75	29.47	38.35	20.27
39.18	28.76	37.24	19.8
38.8	28.51	37.06	19.51
38.73	28.96	37.16	19.56
38.45	28.46	37.35	19.2
39.53	28.81	37.49	19.83
39.26	29.11	37.54	19.61
39.2	29.12	37.47	19.47
39.07	28.69	37.59	19.08
39.31	28.55	37.36	19.23
38.84	28.5	36.98	19.1
38.77	28.58	36.71	19.23
38.87	28.05	36.86	18.94
38.81	27.8	36.62	18.91
38.17	27.82	36.08	18.41
38.12	27.76	36.25	18.71
37.46	27.41	36.57	18.68
37.27	27.19	35.78	18.12
37.07	26.97	35.29	18.14
36.78	26.68	34.95	17.99
35.74	26.4	34.08	17.69
35.19	25.58	33.85	17.31
34.14	24.87	33.11	16.94
34.26	24.74	32.81	16.9
34.45	25.08	33.03	17.3
34.65	25.04	33.31	16.99
34.81	25.25	33.52	16.99
34.31	24.64	32.78	16.77
33.71	24.1	32.32	16.54
32.57	23.15	31.14	15.95
31.74	22.79	30.45	15.86
31.67	22.83	30.6	15.78
32.58	23.51	31.37	16.24
33.15	23.84	32.1	16.47
33.87	24.14	32.29	16.47
34.31	24.33	32.75	16.47
33.88	24.15	32.55	16.26
34.06	24.24	32.56	16.2
33.73	24.11	32.64	16.24
33.87	24.24	32.41	16.36
33.59	23.68	31.98	16.06
33.02	23.43	31.71	16
32.12	22.78	31.12	15.91
31.61	22.24	30.41	15.62
30.56	21.7	29.53	15.21
30.62	21.52	30.01	15.29
31.31	21.78	30.36	15.61
31.92	22.61	30.79	15.72
32.69	22.65	31.14	15.95
32.8	22.96	31.61	16.02
33.07	22.71	31.36	15.97
32.96	22.48	31.2	15.85
32.23	22.37	31.13	15.72
31.49	21.95	30.24	15.59
30.8	21.31	29.75	15.39
30.49	21.22	29.52	15.11
31.45	21.55	30.21	15.58
31.59	21.8	30.54	15.6
32.15	21.98	30.71	15.63
32.74	22	31.1	15.98
32.72	22.04	31.53	16.08
32.42	21.73	31.03	15.94
31.72	21.98	30.82	15.64
31.72	21.67	30.62	15.61
31.06	21.15	30.11	15.56
30.34	20.46	29.33	15.08
29.59	19.86	28.51	15.02
28.84	19.36	27.86	14.69
28.66	19.39	28.15	14.9
28.92	19.71	28.54	14.94
30.06	20.37	29.09	15.1
30.84	20.57	29.82	15.32
30.93	20.91	29.94	15.43
30.58	20.54	29.68	15.23
30.57	20.5	29.68	15.16
31.1	20.55	30.12	15.61
31.39	20.73	30.34	15.68
31.54	20.74	30.5	15.75
31.53	20.79	30.52	15.88
31.23	20.64	30.32	15.74
31.06	20.29	29.89	15.45
30.4	19.97	29.37	15.56
30.13	20.05	29.87	15.52
29.91	20.03	29.41	15.44
30.28	19.99	29.21	15.65
30.32	19.68	29.47	15.6
31.01	20.17	29.83	15.88
31.68	20.59	31.02	16.5
31.78	20.67	30.72	15.9
31.92	20.91	31.02	16.2
31.93	20.63	30.77	16.36
32.34	20.56	31.56	16.67
31.97	21	31.1	16.43
31.86	20.58	31.75	16.53
32.22	20.09	30.97	16.52
32.17	21.13	31.44	16.54
31.66	20.31	31.02	16.16
31.98	20.57	31.7	16.31
31.76	20	30.61	16.58
31.59	20.06	30.35	16.27
31.19	20.16	30.31	16.3
30.71	19.71	30.12	16.59
30.59	19.61	30.18	16.21
31.1	20.02	30.62	17.06
31.63	20.21	30.98	16.83
31.59	19.92	31.34	16.9
31.85	20.31	31.42	16.72
32.51	20.31	31.27	16.7
31.81	20.4	31.64	17.16
32.53	20.29	31.68	16.94
32.48	20.53	31.91	17.38
33.24	20.51	32.3	17.63
31.94	20.16	31.4	17.11
31.94	19.72	31.48	16.83
31.86	19.96	31.77	17.24
33.06	20.36	31.63	17.14
32.61	20.21	32.39	17.45
32.73	20.3	32.45	17.55
32.65	20.29	32.67	17.38
32.27	20.11	32.3	17.36
32.38	19.76	32.53	17.29
32.69	20.05	32.62	17.3
32.91	20.56	32.72	17.99
33.1	20.37	32.21	17.88
32.62	20.73	32.48	18.23
32.65	19.83	32.32	17.2
31.98	19.99	32	17.86
31.91	19.59	31.68	17.44
32.91	20.13	31.77	17.84
33.38	20.47	32.53	18.07
33.33	20.21	32.74	18.25
33.34	20.63	33.24	18.78
33.52	20.09	32.67	18.63
33.34	20	32.12	18.21
33	20.62	32.73	18.71
32.77	20.25	32.71	18.35
32.97	20	32.89	18.45
32.86	19.96	32.53	18.39
32.77	20.2	32.54	18.48
32.68	19.99	32.25	18.09
32.74	19.64	32.08	18.49
31.84	19.48	32.08	18.31
32.56	19.5	32.5	18.65
33.24	19.96	32.9	18.53
33.73	20.02	33.45	19.21
34.46	20.61	34.04	19.5
34.51	20.28	33.89	18.98
34.43	20.76	34.06	18.98
34.35	20.5	33.47	19.27
34.48	20.38	34.12	19.8
33.81	20.48	34.3	19.7
34.45	20.47	34.08	19.66
34.65	20.12	34.25	19.76
34.63	20.56	34.41	19.86
34.28	20.34	34.15	19.87
34.75	20.22	34.64	20.03
34.33	20.85	33.92	19.86
34.36	20.42	33.53	19.7
34.09	20.18	33.99	19.8
34.77	20.61	34.6	20.43
34.85	20.89	34.53	20.57
35.83	21.5	35.2	20.91
36.1	21.52	35.35	21.68
36.2	21.4	35.77	20.99
36.39	21.27	35.76	21.56
36.01	21.57	35.62	21.21
35.64	21.75	35.55	21.26
36.42	21.86	36.45	21.5
36.7	21.99	36.48	21.89
38.05	21.62	36.97	22.68
38.15	22.35	37.45	22.54
38.22	22.58	37.7	22.6
38.25	22.69	38.02	22.82
38.99	23.18	38.05	22.98
39.05	23.11	38.68	23.57
39.49	23.64	38.97	24.01
40.64	23.88	39.57	23.84
40.64	24.01	39.77	24
40.74	23.94	39.26	24.08
41.02	24.88	40.51	24.83
41.7	24.63	40.51	24.39
41.71	24.31	40.58	24.4
42.07	25.08	41.61	25.09
41.72	25.24	41.46	25.28
42.74	25.82	41.62	25.37
42.44	25.61	42.09	26.12
42.74	25.69	41.9	26.33
43.84	26.06	42.78	26.64
43.73	25.55	42.45	26.59
45	26.96	43.32	26.57
45.13	26.75	44.03	27.04
44.99	27.33	43.97	27.55
46.21	27.42	44.53	27.35
45.78	27.48	44.91	28.21
46.74	27.46	44.66	28.42
46.96	27.64	44.96	28.74
47.04	27.86	45.44	28.63
46.7	28.1	45.94	28.68
46.87	28.63	45.89	29.25
47.96	28.87	46.49	29.21
47.14	27.89	46.49	29.13
48.45	29.25	47.32	30.63
49.77	29.38	47.7	31.1
49.23	30.39	47.61	29.75
50.18	29.78	47.7	31.15
50.28	30.49	48.24	31.1
50.26	30.31	48.6	31.91
50.78	31.14	48.67	32.52
50.93	30.71	49.17	31.34
51.54	31.02	49.67	32.02
51.95	31.33	49.51	31.89
52.31	31.81	49.93	33.16
52.79	32.1	51	33
53.26	32.02	51.13	33.6
53.66	32.64	50.64	33.33
55.06	33.25	51.01	34.1
54.96	33.52	51.94	34.38
55.88	34.04	52.27	34.75
56.67	33.71	53.08	35.24
56.73	34.48	53.55	35.41
57.13	35.14	54.02	35.74
57.25	35.03	53.64	35.73
57.22	34.98	54.62	37.07
57.88	34.32	53.64	35.88
58.35	35.71	55.76	36.55
59.49	36.79	56.32	37.75
60.83	36.63	55.56	37.91
58.82	36.17	55.37	37.14
59.77	36.85	54.93	37.54
60.46	36.95	55.75	38.61
59.85	36.2	55.14	37.59
59.32	36.48	55.63	37.71
60.5	37.27	55.84	38.58
61.99	37.79	57.1	39.05
62.72	38.92	58.62	40.25
64.74	40.25	58.78	40.76
66.26	40.74	60.42	41.02
66.38	40.96	59.85	41.32
67.41	41.7	61.71	42.58
68.21	41.41	61.74	42.69
69.02	43.24	62.84	43.44
68.29	42.27	62.52	43.1
68.91	43.4	62.9	44.41
69.9	43.19	62.84	43.9
69.2	43.76	63.48	43.46
69.85	42.89	63.14	44.18
70.12	44.55	64.07	44.77
69.77	43.96	63.19	44.31
70.99	43.84	64.02	45.67
70.04	42.79	63.08	44.47
70.77	44.55	63.41	44.86
71.97	44.56	65.23	46.06
71.8	44.71	63.88	45.38
71.92	44.77	63.77	46.11
71.86	45.12	64.43	45.54
73.25	45.58	65.66	47.01
74.89	47.59	67.64	48.75
76.17	48.38	67.57	48.05
77.7	49.02	68.28	49.17
78.16	49.54	69.47	49.81
79.48	50.66	70.94	50.02
79.78	50.55	69.88	50.87
79.93	50.81	70.95	50.69
80.88	51.26	70.05	50.49
80.76	51.99	70.88	50.34
81.14	51.18	70.78	51.37
78.98	49.9	69.95	51.08
79.11	50.59	70.73	51.1
80.25	51.16	70.29	51.06
80.94	51.39	70.23	51.71
82.35	52.16	72.13	52.57
84	53.56	72.64	53.28
85.28	54.87	74.2	54.42
85.92	54.65	74.69	54.39
86.53	55.35	75.29	54.61
87.05	56.19	75.43	54.71
87.36	56.9	76.59	54.83
89.16	57.25	77.12	55.17
89.95	58.36	78.29	56.72
89.48	58.41	77.01	56.4
89.98	56.93	77.21	56.01
90.16	57.79	77.84	56.45
91.75	59.18	79.43	57.96
91.73	59.2	79.8	57.95
93.11	59.82	79.78	58.56
92.62	60.38	79.63	58.33
93.75	60.06	80.81	59.11
93.56	59.41	80.5	58.9
94.66	60.93	80.79	59.32
94.39	61.49	81.97	60.33
95.39	62.24	82.25	60.79
96.25	63.27	80.98	60.21
95.62	61.1	81.15	59.62
96.49	62.85	82.42	61.29
96.66	63.25	81.43	61.99
96.51	63.74	82.04	60.85
97.11	63.93	83.12	62.45
97.1	64.87	83.58	62.06
96.56	63.61	81.19	60.86
97.37	64.49	83.59	62.52
99.48	65.68	84.82	62.88
100.18	66.44	85.54	64.64
100.32	65.19	84.48	63.51
99.16	64.52	84.21	63.5
101.28	66.56	85.08	64.53
102.39	66.09	85.18	63.98
101.05	66.17	85.1	64.47
101.27	66.2	85.45	63.92
102.98	68.32	86.82	65.44
103.14	67.19	85.42	64.61
102.99	68.07	87.14	64.65
102.25	66.54	85.82	64.75
103.16	67.54	87.14	64.64
102.38	67.33	86.02	65.07
103.06	68.33	87.05	66.12
102.84	67.73	87.1	65.71
101.73	66.57	85.09	65.83
103.65	67.94	86.37	65.8
99.55	66.4	84.66	64.23
101.2	66.67	85	64.94
101.33	66.66	86.27	66.4
102.12	66.9	85.38	65.09
102.31	67.42	85.55	65.5
104.01	68.43	86.13	66.63
104.79	68.85	87.52	66.31
106.6	70.21	88.24	66.66
106.95	70.66	89.3	67.68
104.97	70.49	87.76	67.72
106.19	70.31	89.33	68.6
105.88	70.14	88.72	68.29
107.22	69.8	89.83	68.06
106.8	70.44	88.82	68.21
108.86	71.09	89.11	67.78
108.28	71.48	89.28	69.13
109.09	72.82	91.77	70.58
109.47	71.95	92.13	69.53
108.25	71.45	89.64	68.95
108.93	72.18	91.05	70.07
109.92	72.46	90.28	70.34
108.93	71.67	90.9	68.37
106.55	69.94	88.64	69.22
107.73	71.51	90.28	68.62
108	71.24	90.5	69.85
106.63	71.24	89.41	68.78
109.04	71.36	90.58	69.67
108.66	72.31	91.09	70.55
110.09	73.81	91.32	70.11
111.03	73.34	90.9	71.17
110.14	72.97	90.11	71.3
111.12	73.06	92.31	71.47
111.08	74.09	93.11	72.26
109.41	72.18	91.07	70.97
112.38	73.47	93.03	72.12
110.25	75.39	92.57	72.62
111.35	73.4	91.71	71.01
112.93	75.21	93.07	73.46
112.48	75.39	92.99	73.08
113.67	75.61	95.74	73.55
113.26	74.29	92.83	73.03
115.42	76.89	95.34	72.68
114	75.39	94.36	73.88
116.15	77.31	94.97	75.15
114.04	74.45	92.24	71.64
114.81	77.16	94.05	73.05
115.51	75.3	94.13	72.85
115.87	77.59	95.52	74.07
115.23	77.63	95.76	74.82
115.19	76.82	93.95	74.01
115.18	76.92	96.05	74.5
115.06	77.39	94.33	73.66
116.82	78.16	95.53	74.31
115.09	76.31	95.4	73.96
117.03	77.85	97.69	75.56
116.99	77.5	93.9	76.04
114.9	76.25	93.79	74.04
116.79	78.73	95.36	75.23
114.88	76.82	94.23	75.11
117.99	77.48	97.62	76.29
116.64	77.73	96.2	75.86
119.27	78.63	97.89	75.77
118.57	79.42	97.16	75.87
118.21	79.75	96.74	77.93
119.72	79.19	97.19	75.42
117.86	78.36	96.16	77.08
118.79	78.11	97.68	75.87
118.29	79.95	96.93	76.81
120.46	79.81	97.57	76.96
119.23	79.25	96.7	77.47
119.21	79.62	94.84	76.35
117.5	80.07	96.21	76.44
118.65	78.51	97.12	76.77
120.44	79.44	97.94	78.19
119.61	78.86	97.12	77.36
118.57	78.5	96.32	76.75
117.8	79.46	97.2	76.7
117.88	77.72	94.27	75.31
117.93	78.27	95.94	76.73
118.57	79.7	97.07	77.55
119.26	79.99	98.05	77.57
119.17	80.37	97.07	76.71
118.55	80.28	96.14	78.02
121.67	80.03	95.7	79.1
120.91	81.04	98.48	77.43
121.95	80.98	99.12	78.35
122.08	81.13	99.25	79.17
121.91	82.07	99.02	78.37
123.39	82.19	99.86	77.94
121.53	81.77	99.43	78.65
119.65	78.68	96.78	77.24
121.15	82.49	97.81	79.03
121.54	80.4	97.97	79.94
120.47	81.46	97.28	78.84
122.77	80.77	97.87	79.38
121.01	83.07	98.64	78.58
118.38	78.88	95.33	77.63
120.09	79.1	96.11	78.93
117.45	79.23	95.35	76.26
117.18	78.4	93.94	77.73
117.07	79.4	94.54	76.87
117.41	78.58	94.43	77.58
119.09	79.36	95.49	78.4
118.83	79.73	96.62	79.19
121.41	80.89	96.91	78.93
123.22	81.49	98.87	79.59
123.5	81.18	98.46	79.13
121.99	82.85	98.89	80.18
124.54	82.85	99.74	81.25
124.68	83.43	100.78	81.96
122.28	83.29	100.72	81.79
123.57	82.89	99.32	78.89
127.93	83.7	101.91	83.27
123.52	83.3	100.04	81.07
124.93	83.63	100.02	80.13
125.71	84.49	100.43	83.01
126.2	83.94	101.94	80.65
126.68	85.07	101.4	82.35
123.54	81.94	100.01	81.94
123.93	84.29	100.39	80.74
125.45	83.86	101.53	81.28
124.62	84.52	102.11	83.55
125.61	85.14	100.13	82.2
127.88	84.76	101.92	82.09
124.93	84.73	101.51	81.42
123.96	83	102.1	80.88
125.54	85.82	100.6	82.86
123.51	84.8	100.23	81.41
123.27	83.73	97.63	80.95
126.48	84.2	102.44	84.35
123.98	83.23	100.7	81.65
123.69	83.52	98.91	81.88
124.22	83.9	99.3	84.42
126.09	85.21	102.32	82.39
126.33	85.48	102.46	82.75
125.84	83.79	102.67	82.74
124.24	83.48	101.05	82.05
127.51	85.87	102.78	84.48
125.43	84.84	100.61	83.15
129.4	86.56	102.25	84.44
125.83	86.39	102.06	83.58
128.31	85.77	102.92	84.05
127.12	86.32	104.52	85.49
127.43	84.87	103.63	84.03
128.84	85.5	104.04	84.77
130.84	86.93	104.15	85.06
126.01	86.05	103.36	82.62
124	85.36	99.35	82.39
126.46	84.24	99.32	83.8
127.51	85.02	102.65	86.45
125.1	85.66	101.55	80.94
126	85.32	102.03	83.54
127.97	86.25	102.42	83.33
122.86	85.96	101.47	82.85
124.47	84.5	100.49	82.52
126.26	85.17	102.5	83.96
124.12	84.23	99.92	81.72
124.36	83.93	101.82	83.33
125.28	85.99	100.62	83.3
122.18	83.15	98.84	82.38
125.74	84.68	101.69	82.4
122.31	82.88	98.85	81.87
124.72	83.99	99.97	84.12
122.69	84.11	96.64	81.61
122.85	84.26	97.78	81.93
120.3	82.29	97	82.08
124.73	84.02	100.19	83.37
125.02	82.62	99.54	82.94
124.68	85.42	100.62	82.78
125.6	84.68	100.93	82.02
126.72	84.88	102.02	83.17
126.97	85.21	101.2	83.18
127.5	86.31	102.21	84.73
129.25	85.72	103.07	83.51
126.89	83.88	101.17	84.72
130.67	86.51	103.57	86.4
129.19	88.32	103.77	85.5
128.75	86.6	102.56	85.22
129.37	86.78	101.4	83.59
130.31	86.36	103.76	84.66
129.03	86.96	104.43	85.64
128.88	87.41	104.58	85.41
128.79	87.58	102.2	85.11
127.73	85.73	102.22	83.53
132.97	88.37	104.66	85.78
128.57	87.45	105.17	85.58
127.21	86.76	103.94	85.19
130.45	89.12	102.68	87.7
130.64	87.07	104.95	85.31
129.11	85.73	104.2	84.62
132.4	90.75	105.26	86.79
128.93	86.15	103.18	83.16
127.95	86.43	103.62	86.08
127.96	87.36	101.93	84.98
128.03	88.31	102.7	86.21
131.07	87.53	103.72	84.91
128.3	86.82	104.99	85.57
128.03	85.55	100.54	83.48
126.55	86.6	99.76	83.79
130.19	86.94	101.59	85.42
130.37	88.98	103.78	88.11
128.54	87.78	103.59	84.52
131.02	90.25	105.23	88.73
129.6	89.39	104.99	86.36
128.01	87.16	101.41	84.65
125.13	83.89	100.1	81.19
125.43	86.47	101.17	82.33
128.45	88.25	103.54	85.15
128.19	88.04	104.66	86.56
125.39	87.57	102.2	86.19
127.11	85.14	101.01	84.71
126.89	84.35	103.49	83.5
126.82	86.69	103.84	84.95
126.4	87.57	103.38	85.11
128.56	86.7	101.55	84.8
123.86	84.84	100.76	82.77
125.26	86.69	100.98	82.58
121.87	85.12	99.72	82.52
124.48	84.68	98.96	83.25
121.81	81.05	95.62	80.66
121.12	80.1	96.74	80.22
119.24	79.99	95.52	79.89
120.16	82.24	96.88	81.98
120.69	82.97	97.75	81.87
125.33	84.43	99.51	82.89
125.02	84.56	99.34	83.47
126.44	83.88	99.7	83.67
123.73	85.07	100.49	82.69
125.08	85.25	98.58	83.68
124.98	83.62	100.51	83.15
126.6	83.94	100.26	84.63
126.66	84.17	101.99	84.57
129.55	86.23	104.9	85.62
123.14	82.76	99.14	79.98
127.43	87.23	102.48	83.62
129.24	87.27	102.64	86.25
124.8	85.01	102.41	84.49
125.85	85.8	101.72	84.75
128.87	87.04	103.1	85.84
129.53	85.96	102.92	83.83
127.84	84.93	101.58	86.19
126.26	86.46	98.92	85.55
121.7	83.13	98.44	80.66
121.29	84.8	97.46	81.27
125.01	82.08	100.25	86.28
124.48	82.37	99.9	83.5
124.93	86.34	102.88	84.87
125.77	84.4	101.08	81.08
128.81	87.02	103.6	86
127.47	85.26	102.47	85.42
123.64	84.82	98.23	83.94
123.71	83.47	98.75	83.74
127.75	84.88	103.27	84.75
123.25	85.47	102.36	84.75
130.1	89.11	105.82	84.75
128.35	86.61	102.64	85.49
127.9	86.68	100.87	86.77
125.14	84.3	99.88	85.73
125.38	87.52	102.39	84.87
124.36	85.35	99.75	83.07
127.88	86.55	101.28	84.39
129.3	87.82	101.49	85.69
126.3	86.35	101.82	82.66
124.62	84.34	100.86	83.94
123.14	84.28	99.35	80.75
126.42	86.93	101.84	83.36
125.77	85.35	101.2	82.84
125.82	85.89	103.42	85.4
127.04	85.5	101.63	81.99
122.21	84.78	97.73	84.09
125.01	86.01	99.85	84.82
122.88	84.16	101.33	84.22
126.18	83.68	100.04	84.59
121.02	81.84	99.94	83.78
124.81	83.05	102.45	84.38
119.37	82.68	97.64	80.85
124.19	83.47	98.84	81.73
126.59	87.56	102.47	87.32
130.04	85.98	100.7	84.88
126.6	84.18	99.44	80.8
127.74	84.38	102.77	85.7
123.64	83.51	101.28	82.82
129.09	85.71	101.37	84.63
122.53	85.3	99.14	81.02
128.3	85.08	105.08	86.03
129.76	86.19	99.61	85.22
123.84	84.85	98.17	83.54
125.12	84.04	100.06	82.27
123.35	85.43	100.64	83.06
124.98	87.13	99.2	87.64
124.14	86.16	99.94	84.93
127.37	86.38	101.17	86.65
127.17	85.07	101.57	85.41
121.66	84.17	98.13	82.02
126.32	88.53	104.41	84.49
127.21	85.99	101.91	84.09
129.98	89.19	102	86.78
126.34	85.14	101.59	84.79
128.39	84.36	103.12	83.79
125.52	82.86	97.1	82.71
125.75	86.9	102.35	83.75
121.73	81.91	98.34	83.95
126.68	86.21	103.61	84.56
123.56	86.03	100.46	83.72
122.25	85.4	101.49	81.19
124.43	84.39	100.5	81.15
123.15	86.6	102	83.56
122.87	83.69	98.45	81.33
126.27	83.62	102.93	85.47
124.14	85.95	103.4	84.16
126.91	87.35	105.35	85.09
124.78	86.16	101.36	81.55
125.96	86.68	100.27	82.59
127.09	86.28	103.86	82
121.07	81.17	97.84	81.41
126.05	85.07	100.69	84.32
124.13	85.04	104.69	82.7
124.63	85.45	100.22	83
126.15	86.08	102.07	83.95
119.66	84.46	99.65	81.19
124.66	85.62	103.97	83.15
122.92	80.65	99.92	82.05
128.89	90.27	104.28	85.33
128.4	85.68	107.06	86.22
126.65	85.55	100.26	84.67
124.64	83.87	100.47	84.89
126.97	87.29	104.82	86.94
124.04	84.31	100.26	83.9
126.74	86.77	101.46	85.21
120.6	86.56	100.56	83.48
125.15	82.31	98.94	82.46
122.04	84.85	98.1	81.82
126.84	85.87	100.13	86.64
124.89	85.54	103.77	86.01
125.62	81.03	99.96	83.57
122.46	83.83	100.34	80.88
124.01	84.42	102.78	82.29
119.86	83.54	96.58	83.49
122.08	87.23	100.15	85.03
128.28	84.6	103	84.15
124.36	87	101.29	84.36
125.52	83.04	97.62	87.21
123.98	84.33	99.71	84.13
124.65	84.74	101.97	83.8
126.5	83.6	101.82	83.33
126.66	84.59	101.8	82.39
127.86	86.4	104.99	87.39
128.04	88.03	104.35	87.03
127.64	85.2	106.38	85.69
126.91	84.36	99.79	83.91
127.26	87.05	105.52	86.1
121.36	80.56	99.21	83.4
127.08	86.2	99.69	84.65
128.03	85.02	99.57	84.84
127.38	87.03	103.31	86.84
125.52	85.46	101.01	85.81
126.84	86.62	102.08	82.67
131.5	85.8	103.98	87.93
126.84	82.58	98.86	83.51
122.1	83.07	101.36	83.9
123.96	82.6	103.07	82.05
125.83	83.3	101.52	86.73
124.93	83.69	102.65	82.73
121.51	83.76	99.52	81.46
119.44	81.67	97.82	81.08
117.62	84.83	95.93	76.72
129.37	84.66	104.41	83.37
127.04	85.49	102.75	84.11
125.23	86.16	104.5	85.87
124.87	83.41	100.02	83.44
122.82	83.72	102.9	88.07
124.11	90.33	105.04	85.93
124.43	87.02	101.13	84.67
127.88	89.21	100.32	83.75
127.55	88.47	100.66	84.74
126.29	92.91	102.55	85.04
127.71	84.34	101.22	84.01
131.03	86.75	103.98	83.84
123.86	85.24	97.55	85.27
128.21	86.97	103.32	85.68
123.71	82.37	96.93	84.38
126.03	84.51	100.05	84.83
123.83	80.92	98.4	77.39
127.4	86.54	101.14	89.1
130.2	87.88	103.73	82.79
122.13	84.51	98.12	82.11
127.76	87	100.39	87.29
119.13	83.02	99.98	80.83
130.42	86.19	102.81	84.23
130.42	86.05	106.48	88.81
122.23	83.06	100.77	82.95
117.82	78.66	99.63	77.45
128.77	86.12	103.32	87.06
122.82	81.74	98.76	84.28
126.23	86.41	101.55	85.62
116.84	83.09	95.04	77.15
123.04	87.25	99.06	80.77
125.06	83.05	100.81	83.11
129.46	86.41	104.96	83.27
133.81	87.77	102.31	87.96
124.59	83.77	102.62	84.42
121.11	87.58	97.56	81.41
121.13	84.32	100.06	85.71
127.96	85.97	104.14	81.52
123.94	83.7	99.86	83.69
121.28	79.56	98.56	82.32
123.96	84.24	105.03	83.33
121.98	85.82	100.73	83.32
130.76	87.06	105.08	86.19
121.72	85.66	102.38	84.04
132.81	87.23	100.94	86.93
130.48	85.84	100.82	88.24
126.4	83.77	101.91	80.17
124.56	82.88	100.2	81.27
123.02	83.57	100.98	81.75
129.65	84.32	100.23	86.36
124.33	81.46	97.87	88.32
120.16	83.23	99.53	82.15
127.44	86.42	101.75	82.81
124.22	85.82	105.39	82.89
128.97	85.22	103.06	84.43
127.89	85.52	104.02	82.45
123.05	80.43	95.91	84.87
124.76	86.6	104.9	86.04
120.8	83.32	97.63	81.72
126.62	85.59	100.75	87.38
125.8	87.97	102.15	85.36
126.74	87.68	104.66	85.21
130.73	89.26	104.26	89.73
128.4	87.78	104.55	86.44
130.61	87.88	103.95	86.91
127.37	86.29	105.23	84.47
128.98	90.99	105.37	85.42
128.3	83.04	101.63	85.85
130.04	91.78	106.14	88.41
128.91	88.54	105.8	87.13
129.98	87.59	100.68	85.75
123.51	83.8	100.58	81.43
128.33	90.16	100.13	86.09
126.92	83.89	98.36	83.77
127.48	91.56	102.36	88.46
131.59	86.72	104.19	84.98
119.83	85.04	96.79	78.23
114.68	81.65	95.82	81.68
121.23	85.52	97.17	83.44
120.42	87.33	100.91	77.8
122.07	79.28	102.34	82.13
122.28	80.06	103.19	82.8
124.06	84.74	96.88	84.25
127.67	86.88	101.08	82.25
126.02	84.69	99.53	81.71
121.7	83.06	88.66	78.82
132.85	92.98	109.06	88.51
117.62	84.72	100.23	84.35
128.82	81.76	102.53	83.81
120.2	87.14	98.77	89.95
118.21	81.57	101.06	87.59
117.37	84.05	102.98	88.81
127.91	87.98	104.89	86.83
121.36	82.07	91.55	77.46
133.52	92.89	106.2	87.72
124.11	76.05	104.89	78.04
132.12	92.91	99.97	89.03
127.2	87.87	99.67	85.25
126.94	82.79	100.03	84.22
127.09	86.94	99.07	83.34
135.82	93.3	106.89	87.75
119.23	84.2	97.12	78.9
118.62	81.02	104.23	79.76
115.49	75.34	96.85	75.87
123.86	94.06	103.21	83.18
119.89	80.58	95.66	81.51
127.47	86	104.85	90.81
121.36	80.97	98.96	84.05
117.73	81.78	96.93	78.24
131.19	86.12	98.81	82.09
131.08	82.87	106.23	89.53
135.4	81.99	101.27	81.2
120.11	81.55	95.22	79.45
122.59	79.49	105.8	88.17
118.52	84.7	93.53	74.9
128.1	84.88	105.98	89.67
111.92	75.27	95.55	72.27
113.36	80.19	99.84	78.38
116.94	74.73	94.53	82.32
112.17	75.56	99.84	81.05
114.19	82.04	98.51	73.29
124.66	86.58	97.69	80.43
128.51	85.65	91.79	81.9
128.78	86.19	105.91	86.04
125.5	84.75	101.62	85.2
117.54	82.87	99.89	75.86
123.23	79.88	102.5	78.49
120.08	80.06	99.37	81.09
116.94	78.02	90.11	75.77
115.19	84.42	96.1	86.18
124.04	88.03	96.64	81.75
124.79	83.69	100.58	79.32
114.9	84.4	85.24	81.73
130.14	91.66	109.36	76.87
125.81	86.53	92.86	79.72
122.69	82.67	98.25	84.82
125.88	84.03	99.26	77.77
125.41	83.51	102.73	86.49
119.55	84.89	97.12	77.03
122.34	83.42	100.69	84.46
131.42	84.4	99.77	81.39
121.12	86.9	101.23	74.48
122.79	81.82	98.86	83.43
119.89	80.23	89.59	80.87
129.3	83.14	93.77	74.53
119.93	85.34	102.34	78.28
119.71	87.11	98.99	77.87
124.8	84.07	97.83	78.05
121.72	85.1	97.76	78.53
122.21	87.76	105.09	84.99
117.25	80.03	93.4	75.94
119.3	76.32	92.62	82.16
125.16	85.32	93.72	78.98
123.68	85.1	104.32	76.84
130.28	90.45	97.57	78.16
115.67	79.54	93.58	78.49
113.72	80.05	93.9	71.66
121.48	82.45	101.83	70.47
108.73	75.44	90.68	75.57
114.16	75.56	100.34	79.93
116.2	85.19	90.56	74.69
115.88	74.34	93.26	74.56
125.69	77.78	98.99	75.02
114.86	82.09	99	83.34
116.95	81.41	93.36	78.87
111.51	77.62	99.59	82.78
131.98	92.21	104.31	80.81
128.92	88.5	105.37	86.02
120.97	81.43	92.19	74.94
117.59	77.96	93.52	71.74
122.97	84.07	95.08	82.48
121.15	85.06	97.48	83.14
126.4	73.98	104.63	84.58
118.1	82.05	102.09	72.93
112.83	79.64	93.49	79.02
102.33	80.85	90.04	80.31
118.66	81.09	94.6	66.74
122.2	80.95	98.96	78.28
117.38	77.38	105.36	81.13
116.86	74.28	94.92	77.27
129.52	85.21	96.8	83.9
122.55	87.43	97.99	79.76
120.27	81.78	102.6	68.79
138.05	94.23	107.29	83.93
115.86	80.24	86.99	67.87
121.64	78.1	93.61	80.04
125.82	88.53	95.03	79.52
116.26	88.23	98.08	82.78
114.49	85.41	91.21	71.96
120.54	78.74	102.18	75.68
131.21	76.26	103.79	97.74
111.4	73.08	97.11	74.38
122.13	82.39	106.99	77.94
126.71	83.91	102.56	76.88
128.13	82.2	100.24	83.04
125.96	80.13	96.24	67.45
123.64	82.88	100.94	74.73
116.64	76.85	95.59	78.29
136.87	87.64	107.67	77.92
112.89	81.25	89.66	82.27
130.94	78.8	102.17	77.82
122.73	81.53	106.93	76.28
123.52	74.21	89.07	75.59
117.72	78.83	95.86	74.25
124.29	88.28	101.99	80.49
129.17	81.58	107.97	87.37
122.39	81.56	95.54	73.62
135.88	94.74	98.97	74.81
109.93	84.09	88.84	68.78
114.19	84.16	91.07	67.49
132.19	86.81	114.5	91.36
123.77	89.34	99.94	87.51
104.08	66.32	87.85	68.99
129.96	88.8	104.4	90.38
114.81	74.99	90.62	79.42
124.21	73.84	90.96	76.24
126.76	90.91	107.21	76.84
118.09	96.35	101.54	75.83
109.69	76.63	79.61	76.19
136.11	94.33	119.19	80.33
131.61	82	95.89	78.6
125.85	74.77	102.33	84.43
102.99	66.89	89.4	77.31
124.82	87.55	100.31	72.03
115.94	91.59	100.75	87.05
121.29	82.88	83.7	72.41
122.73	96.32	113.02	83.22
126.46	82.65	95.56	71.32
121.1	90.62	87.72	71.25
129.93	95.23	110.61	84.91
112.7	73.74	96.3	67.68
104.88	69.63	94.56	56.92
113.83	94.61	101.91	79.19
128.36	91.55	112.63	95.42
151.12	100.79	112.02	94.48
125.77	69.94	105.57	80.93
114.91	78.7	99.02	70.99
113.65	76.25	93.26	78.09
116.31	85.75	97.08	78.4
130.17	77.33	95.79	77.3
132.76	101.12	107.91	90.52
120.62	86.99	95.59	82.61
110.83	71.29	87.33	71.8
116.19	80.33	96.32	82.3
114.78	75.97	98.82	80.32
132.71	86.84	108.81	87.15
125.39	79.33	98.57	82.82
132.63	86.48	100.1	84.17
122.61	86.59	106.75	76.76
123.14	80.24	99.43	84.44
126.2	81.83	100.31	87.16
122.87	84.6	98.31	81.22
132.77	87.13	101.03	84.96
131.83	89.77	102.45	87.19
137.48	95.27	107.46	90.08
134.23	92.21	109.63	90.4
131.82	89.76	106.27	89.01
134.88	93.07	107.96	90.35
133.77	93.8	108.2	91.26
138.46	96.71	112.29	88.75
128.83	92.26	105.19	89.3
131.87	89.09	107.04	87.74
129.58	89.39	110.11	86.55
134.21	93.63	108.17	90.85
126.41	93.71	105.31	89.83
131.59	89.33	99.57	78.28
136.07	96.39	105.74	86.08
118.81	85.01	101.21	79.59
135.3	89.54	99.55	83.91
130.05	84.63	102.38	84.24
134.73	89.77	104.69	85.48
129.19	90.74	107.3	88.82
124.75	85.89	107.31	86.85
132.62	88.9	105.82	85.82
131.89	91.74	109.45	86.45
132.96	86.77	100.26	87.22
118.74	86.96	101.49	85.43
125.21	87.58	109.41	86.8
130.6	93.06	111.19	89.47
130.56	72.32	111.42	86.26
123.46	85.85	100.6	79.66
125.69	82.21	87.12	71.26
129.3	88.36	97.62	78.35
122.94	78.4	91.45	72.97
142.67	93.59	103.38	93.13
122.49	76.32	110.76	81.65
131.66	95.62	102.02	92.98
114.74	76.35	93.49	72.1
125.16	86.13	101.73	81.4
118.38	81.36	93.07	76.95
128.33	84.8	105.04	84.71
129.19	93.18	108.64	85.6
127.1	84.78	99.34	79.45
131.2	85.24	107.17	80.64
124.26	95.23	100.58	83.9
124.01	81.35	91.07	78.69
134.89	91.26	107.45	81.5
135.91	85.94	112.53	87.37
120.29	83.24	104.78	81.33
125.53	84.93	100.5	80.82
129.44	92.18	111.25	92.04
117.3	82.35	104.85	80.28
103.55	77.9	100.37	71.84
117.26	78.43	110.14	88.97
99.34	81.03	86.89	67.97
122.43	90.51	103.28	73.59
143.84	80.03	95.91	83.05
115.49	76	92.65	62.51
118.7	96.09	103.5	77.44
156.65	105.59	111.1	95.02
150.8	91.48	109.56	80.04
113.61	68.15	89.63	61.06
117.27	88.96	106.87	80.89
123.28	77.18	92.87	74.02
154.93	99	100.76	87.39
115	90.49	104.16	68.79
134.43	99.57	100.59	51.88
128.3	87.3	105.55	71.84
118.98	86.25	81.77	70.51
150.52	60.4	94.63	70.69
146.76	76.18	89.96	70.98
122.07	61.54	83.33	73.26
132.2	93.25	96.22	76.61
128.61	81.83	61.26	74.25
110.59	66.46	111.98	58.4
96.9	77.8	82.87	40.5
110.61	73.86	77.36	50.38
91.12	61.86	60.23	14.79
159.72	84.42	84.78	28.15
91.99	77.54	92.78	53.33
101.62	58.05	84.85	35.64
72.28	56.87	84.72	42.8
116.16	61.7	84.52	58.91
103.8	21.99	67.31	57.2
97.97	44.27	76.55	46.12
116.16	89.98	92.77	81.92
106.94	76.32	69.54	46.23
102.54	37.72	85.52	46.32
141.9	105.7	102.03	70.19
157.41	69.31	82.71	65.53
117.6	61.6	106.79	70.7
110.8	46.5	78.79	78.19
149.43	80.87	121.47	88.68
163.45	61.21	123.17	104.44
122.77	85.77	96.3	123.84
100.98	95.84	93.11	56.77
99.84	86.74	79.57	83.74
141.7	7.48	132.28	15.32
114.01	71.29	122.01	45.41
94.81	61.67	78.08	62.28
76.42	58.07	81.83	64.33
118.83	83.94	119.4	59.66
126.69	101.36	77.26	43.94
109.63	90.68	81.92	57.84
145.29	33.09	91.85	58.41
65.99	63.53	99.54	34.5
101.83	75.11	72.88	62.14
89.16	86.83	93.21	58.15
66.21	44.36	39.95	33.97
133.25	92.61	94.75	59.58
194.25	152.71	169.9	164.26
134.93	79.5	57.51	30.92
102.55	66.49	67.41	37.89
116.32	92.74	120.07	65.89
83.7	0.24	94.31	11.47
183.02	96.33	115.37	35.85
102.56	29.46	32.29	50.79
132.27	75.39	99.11	136.86
34.14	31.12	49.48	22.38
108.84	86.47	139.52	89.75
88.7	39.27	52.84	72.35
99.38	37.34	74.99	52.14
87.25	34.79	92.06	47.68
122.32	34.49	107.6	24.59
91.7	42.28	84.03	43.05
175.17	-32.83	214.15	258.24
104.52	54.63	72.15	69.45
92.7	14.72	47.68	10.89
96.08	53.41	96.08	59
120.78	40.19	124.89	32.39
126.9	60.75	77.56	50.75
114.4	44.51	78.05	70.86
69.79	63.23	77.49	8.9
71.12	54.5	75.13	33.24
88.58	45.78	108.85	20.95
196.18	108.52	91.96	97.02
151.28	48.69	55.22	97.12
94.87	86.06	136.36	100.61
92.54	66.47	78.25	74.35
113.13	68.5	34.34	63.42
206.16	69.68	81.84	57.42
82.13	65.84	135.42	70.27
72.08	72.5	93.52	40.7
127.17	30.63	58.1	11.75
47.94	16.33	95.63	47.1
243.05	115.38	20.73	-61.73
92.63	116.28	95.31	55
109.05	76	70.31	36.24
92.43	37.78	89.67	54.22
76.55	93.5	26.07	19.26
112.3	46.92	44.43	-36.37
86.83	30.79	83.96	-13.82
77.65	-9.66	81.48	-16.98
109.24	44.76	61.46	72.17
183.84	116.21	208.03	81.86
105.44	16.23	88.91	60.96
172.53	45.23	85.15	-16.01
111.46	93.51	125.64	72.59
200.42	60.4	86.81	46.07
45.96	35.91	53.66	23.13
91.14	49.93	72.27	46.39
73.59	79.15	91.63	69.62
110.39	65.69	74.98	45.52
167.13	59.89	92.6	60.31
144	76.11	66.08	23.59
248.4	6.49	212.98	46.56
109.12	103.79	65.56	42.46
127.27	42.9	98.59	120.94
102.86	49.38	55.13	38.23
148.89	60.79	45.96	8.08
79.87	84.54	96.68	49.29
150.7	81.32	90.52	75.96
66.75	83.16	79.78	66.58
124.64	51.04	105.69	49.38
111.09	97.41	100.28	22.25
87.44	85.36	93.62	53.17
136.2	82.6	113.83	73.66
105.67	63.04	95.51	91.5
52.2	29.04	71.76	58.31
88.24	49.55	101	55.06
207.36	173.86	103.98	73.36
84.42	107.65	106.8	69.39
69.36	69.33	97.71	15.48
98.63	11.17	80.48	42.96
98.27	20.46	51.7	40.68
98.81	40.76	20.95	-42.01
115.51	105.52	143.01	52.16
133.8	153.42	27.7	-2.46
128.04	58.43	63.44	-36.82
275.25	189.01	128.53	70.01
182.14	158.4	88.16	91.79
182.14	158.4	88.16	91.79
182.14	158.4	88.16	91.79
