"Agrimonia_eupatoria_G__P_1"	"Agrimonia_eupatoria_G__P_2"	"Trifolium_repens_G__P_1"	"Trifolium_repens_G__P_2"	"Trifolium_repens_G__P_3"	"Trifolium_pratense_G__P_1"	"Trifolium_pratense_G__P_2"	"Trifolium_pratense_G__P_3"
-648.84	-738.37	-423.64	-193.41	56.98	-810.08	127.52	-943.8
-648.84	-738.37	-423.64	-193.41	56.98	-810.08	127.52	-943.8
-648.84	-738.37	-423.64	-193.41	56.98	-810.08	127.52	-943.8
-29.98	-69.32	171.73	51.21	3.52	161.57	247.18	197.69
66.6	98.09	-2.11	162.27	238.53	-29.98	-116.6	38.33
190.38	-55.83	-17.93	35.42	-135.71	-26.53	140.96	-60.2
-75.1	-103.11	-123.86	6.02	-411	-108.3	-502.7	2.7
29.16	42.57	2.7	60.79	39.91	48.55	30.92	21.38
-243.54	160.53	507.89	-360.53	31.34	-6.22	-338.52	125.6
-30.47	-23.01	-83.95	-21.57	-56.95	-17.38	-252.66	-59.2
268.56	317.98	237.92	148.11	102.26	290.68	38.94	192.36
101.83	184.86	71.47	167.06	185.23	51.93	200.46	152.39
122.65	47.97	72.56	98.21	103.15	37.46	202.57	85.04
-36.61	-471.86	-55.46	-410.11	34.15	138.25	-312.84	-7.92
-49.06	65.24	172.55	227.45	206.78	106.26	90.92	73.8
-250.65	-297.62	146.54	-124.03	210.61	-70.56	-306.71	146.1
329.2	-450	284.31	746.35	316.42	1094.16	-72.63	197.45
-85.85	-71.86	65.11	-56.11	61.25	-3.54	-196.95	103.38
179.79	360.36	425.65	210.62	270.21	478.24	151.55	293.52
79.42	35.15	85.27	18.74	106.95	95.13	39.32	65.24
176.11	152.97	150.66	157.08	117.05	136.57	170.59	159.72
290.36	-93.37	178.92	269.28	627.11	-50.2	17.87	320.68
-1.3	4.42	1.33	76.1	12.46	48.18	22.54	54.33
20.16	-87.88	44.48	-40.06	-0.38	40.62	49.54	15.72
31.16	24.97	33.51	11.49	48.72	41.33	46.34	34.41
37.76	0.93	23.28	12.25	47.67	42.54	41.25	30.13
44.66	5.1	35.83	13.95	42.45	31.84	31.96	39.08
34.05	18.02	39.98	28.3	57.84	42.42	50.8	26.69
46.33	31.23	40.82	22.72	50.1	41.8	39.42	33.71
40.87	30.36	46.6	27.83	57.95	43.96	56.87	37.64
27.17	10.76	28.37	21.2	56.82	35.73	46.83	39.05
37.17	9.85	38.31	14.82	40.84	52.1	39.86	34.45
31.94	12.78	32.14	17.89	51.49	47.77	38.22	30.42
42.64	24.61	39.55	17.97	53.61	62.15	38.87	40.89
26.18	14.1	35.34	-9.15	47.73	29.91	32.11	35.35
30.12	8.37	43.7	0.32	42.5	31.15	38.18	32.81
16.09	9.04	44.52	22.74	28.03	37.58	36.24	34.12
31.37	18.57	40.07	24.03	56.61	53.06	45.53	42.77
27.87	20.32	35.8	20.98	61.48	35.1	54.48	44.97
24.96	10.48	25.95	-0.4	31.2	42.38	23.54	32.8
36.7	9.8	31.38	11.18	56.5	27.19	26.12	29.51
21.01	19.31	27.23	14.03	48.07	39.31	42.56	32.05
20.57	7.77	23.6	6.66	55.74	42.9	38.24	27.3
35.27	8.8	36.8	11.47	49.21	32.9	35.5	43.15
37.79	16.43	29.13	14.61	59.5	49.34	51.38	40.17
26.4	18.99	36.4	24.7	53.78	37.32	44.88	45.6
28.19	23.75	41.09	15.58	51.29	46.75	44.12	46.46
24.45	14.24	42.97	15.9	47.01	51.36	43.04	27.9
20.47	1.53	34.38	25.71	42.6	26.69	38.97	30.65
30.68	25.11	32.68	11.7	42.66	41.36	43.25	39.15
18.22	14.28	29.78	20.27	49.25	35.75	34.05	27.41
31.35	13.44	27.92	7.47	49.68	29.81	47.41	23.71
18	20.64	41.99	15.19	56.88	43.35	47.7	25.97
29.61	25.65	27.58	-0.14	51.22	38.24	40.91	24.37
22.76	11.4	35.27	14.29	37.15	39.68	33.13	42.34
8.03	8.87	28.04	-2.8	52.84	39.66	24.25	13.41
18.58	13.62	31.75	8	44.94	38.87	40.44	30.9
17.21	3.13	28.34	14.74	44.2	28.62	21.84	35.05
14.82	11.37	32.07	4.07	45.34	47.6	40.22	30.33
38.14	38.75	31.95	16.33	49.61	36.55	26.68	39.14
29.43	26.71	44.67	9.54	51.19	33.54	32.74	40.67
36.64	20.2	38.34	13.33	57.66	43.87	33.32	36.96
14.56	10.31	24.09	3.93	45.93	20.12	43.63	24.55
8.58	6.83	17.15	-7.21	41.74	29.89	26.85	29.57
30.86	20.79	17.74	20.34	50.12	38.51	46.82	38.77
36	3.99	23.2	16.9	39.98	37.86	46.33	24.79
25.29	18.33	28.03	21.5	49.87	40.35	33.82	34.5
24.51	21.99	32.25	10.65	54.77	44.13	45.1	27.69
20.1	17.54	33.36	13.12	47.81	46.92	42.71	35.08
25.88	7.51	28.22	-1.85	54.3	38.6	28.69	32.28
24.48	4.69	26.81	4.3	37.02	30.9	30.64	33.44
31.34	6.89	28.29	5.13	50.68	25.58	34.35	25.52
15.45	10.16	13.49	-5.47	42.89	37.77	43.87	15.49
16.4	5.68	25.72	10.75	33.75	32.62	36.55	19.51
15.7	13.5	31.39	-1.33	50.48	32.49	29.97	14.33
18.28	10.79	20.12	11.82	55.6	38.43	38.35	30.64
23.83	32.9	42.67	15.85	49.55	31.17	38.19	39.81
22.34	20.32	43.36	8.25	43.23	37.71	27.48	25.93
27.56	20.56	19.13	18.22	41.97	49.03	40.67	27.93
23.1	22.25	32.3	8.35	40.47	35.61	38.47	31.83
28.18	19.58	25.75	7.68	47.91	34.84	40.48	42.01
33.48	21.91	34.9	20.77	56.17	40.47	42.05	28.8
28.15	16.82	40.52	22.58	46.32	34.32	38.1	33.48
37.8	21.5	38.07	17.97	45.96	48.35	37.57	28.44
14.4	24.97	24.49	2.09	49.23	29.77	31.98	16.27
13.91	14.91	20.44	8.22	35.05	26.48	29.27	29.99
28.22	10.79	28.43	4.18	34.54	34.02	45.72	39.05
26.65	14.43	22.99	20.03	34.49	44.93	30.92	33.5
19.37	8.22	35.39	19.33	33.29	33.23	37.51	32.5
41.08	12.63	37.12	8.63	49.33	42.2	46.35	33.37
13.6	10.48	32.36	4.48	35.4	33.92	34.1	18.3
28.06	21.96	26.6	16.77	44.12	29.38	30.89	30.65
10.33	7.98	16.85	-9.11	32.48	27.61	25.33	24.65
31.89	22.91	32.94	12.54	49.07	42.73	34.73	40.25
23.11	9.04	34.08	10.92	36.7	31.12	34.15	32.02
32.32	13.6	29.99	18.3	46.89	40.68	49.66	34.18
23.17	2.31	31.68	13.52	40.29	31.65	33.04	46.08
19.3	5.29	18.23	-1.3	34.63	32.27	29.09	14.59
19.84	-0.38	13.84	9.04	45.48	26.45	44.2	28.19
19.51	9.35	26.2	15.78	40.58	32.62	31.79	32.34
24.32	26.2	23.96	7.82	40.13	38.3	38.93	28.96
20.56	7.82	38.31	13.96	44.66	34.53	36.3	34.89
32.82	18.96	28.64	12.43	54.69	34.88	35.5	22.21
14.53	9.53	20.38	2.35	45.48	25.64	27.78	28.67
19.25	20.49	27.62	17.74	42.82	40.94	38.14	37.67
10.26	10.22	16.46	3.07	42.69	42.09	29.5	21.41
21.13	11.52	38.91	11.59	36.23	38.73	33.92	22.96
34.01	36.85	40.54	32.02	58.84	48.21	44.76	36.75
15.42	-0.01	19.28	3.45	40.14	21.29	25.31	31.39
27.15	12.59	36.49	15.15	37.89	32.77	41.69	25.26
23.12	18.52	33.29	13.13	40.4	40.76	41.32	31.32
20.08	9.7	20.61	9.48	38.9	39.64	28.15	26.51
27.58	19.6	27.25	19.45	49.94	34.68	29.51	25.77
16.09	16.65	24.74	13.77	31.62	32.96	26.72	27.62
22.58	9.17	27.7	10.06	29.9	39.28	33.81	36.31
13.05	17.05	25.3	9.12	36.28	34.14	32.67	25.77
9.08	-0.64	22.69	-4.54	29.73	29.61	25.37	21.07
31.95	28.2	32.57	26.2	48.47	45	39.9	32.22
25.95	16.53	23.65	13.65	32.41	27.84	32.12	34.52
18.32	14.97	24.06	9.96	27.19	29.48	26.23	32.94
17.86	10.53	21.72	6.96	33.29	23.32	20.65	22.84
17.23	16.72	23.83	21.51	29.33	30.99	30.08	28.35
19.4	10.22	22.91	11.94	30.85	25.59	22.72	20.52
12.93	11.99	18.62	6.63	24.14	18.29	16.46	19.54
11.77	8.97	15.23	4.05	24.09	18.45	21.9	19.25
9.34	6.45	13.5	3.04	18.55	14.62	13.18	17.08
13.1	5.6	13.84	6.48	14.53	16.69	12.98	12.4
9.64	5.77	9.98	4.4	12.69	15.68	9.71	12.23
7.79	3.21	4.84	0.93	8.06	12.43	6.94	9.51
5.45	3.59	3.01	1.95	8.61	8.79	5.48	10.2
5.59	3.54	2.91	0.17	6.12	7.35	4.23	7.02
6.78	2.95	4.96	2.93	5.81	7.34	3.79	7.13
8.21	3.63	3.11	0.4	5.94	8.01	4.05	7.99
7.38	5.47	5	0.95	7.34	8.15	5.83	10.08
9.64	5.84	4.58	2.97	8.49	10.62	7.13	10.97
5.64	2.6	4.89	0.55	7.54	9.45	4.44	10.54
5.33	2.84	4.38	0.94	6	8	4.81	7.1
8.41	5.58	6.28	2.41	9.17	10.1	10.01	9.02
7.77	4.77	5.73	2.13	6.91	10.84	7.62	9.33
6.27	1.88	2.89	-1.19	7.68	7.44	4.55	6.42
8.85	6.16	5.65	3.27	10.3	10.04	9.37	10.63
8.02	6.61	7.79	3.44	7.89	10.82	9.27	11.12
8.9	5.57	5.33	3.49	8.75	10.49	8.23	9.41
8.17	4.46	4.39	1.59	6.87	7.23	7.33	10.47
6.3	4	5.72	2.75	7.7	7.91	3.77	7.2
6.62	3.94	4.48	1.6	6.91	7.71	4.58	6.58
6.91	3.98	3.2	0.67	4.8	6.62	5.14	8.08
7.27	4.46	5.23	1.95	7.2	8.9	6.34	9.77
8.26	4.47	3.57	2.54	5.05	9.06	6.22	9.59
6.96	3.82	2.27	1.49	5.73	5.26	4.58	8.44
5.05	4.06	2.91	1.07	5.31	7.38	5.55	7.59
6.47	3.55	3.47	0.98	5.67	6.67	4.07	9.18
5.26	3.77	3.2	0.61	3.98	6.75	4.57	7.85
6.32	5.51	4.51	2.13	5.31	7.91	5.83	9.87
6.91	5.07	5.44	2.6	6.75	8.59	6.16	9.04
5.71	3.82	3.26	0.42	3.72	7.14	3.68	6.85
6.46	3.89	4.57	2.36	4.71	8.99	4.33	8.72
7.84	4.43	4.25	0.92	4.82	8.12	4.45	8.9
6.02	3.93	2.69	0.99	3.68	7.1	4.32	7.7
6.01	4.77	3.29	1.17	4.07	6.7	3.52	8.24
6.46	3.57	2.97	1.57	3.42	6.33	2.7	7.39
6.53	3.73	2.49	1.71	2.81	7.03	3.17	7.46
5.09	2.66	1.17	0.31	2.25	5.48	2.36	6.53
5.64	3.36	1.59	0.6	1.97	5.51	2	6.33
4.81	3.28	1.23	0.85	1.49	5.3	1.73	6.56
4.76	3.09	1.05	0.37	1.06	4.95	1.14	6.37
4.53	2.72	0.92	0.43	0.79	4.73	1.11	5.85
5.21	3.04	1.02	0.71	1.28	5.04	1.34	6.3
5.24	3.11	0.92	0.78	1.5	5.55	1.4	6.54
5.36	3.09	1.09	0.61	1.72	5.22	1.7	6.38
6.31	4.24	1.16	1.18	2.4	5.56	1.71	6.69
5.53	3.16	1.6	0.68	2.36	5.63	2.16	6.65
5.49	3.77	1.8	1.21	2.17	5.4	2.53	7.2
5.01	3.31	1.29	0.26	1.63	5.34	1.59	5.98
5.39	3.47	1.42	0.86	2.07	5.56	1.8	5.9
4.69	2.85	0.86	0.53	1.39	5	1.54	6.2
4.32	2.92	0.97	0.6	0.94	4.63	1.32	5.86
4.27	2.78	0.74	0.54	0.64	4.55	0.91	5.86
4.29	2.67	0.54	0.5	0.64	4.4	0.79	5.65
4.5	2.75	0.53	0.22	0.52	4.39	0.66	5.63
4.68	2.94	0.75	0.45	0.66	4.63	0.88	5.88
4.6	2.83	0.55	0.23	0.73	4.71	0.86	5.92
4.68	2.65	0.79	0.34	0.88	4.95	1.12	6.08
5.06	3.19	1.07	0.78	1.29	5.11	1.45	6.48
5.43	3.39	1.25	0.69	1.68	5.23	1.7	6.68
5.19	3.35	1.48	0.85	1.82	5.45	1.69	6.63
5.36	3.64	1.54	0.4	2.12	5.7	1.41	6.6
6.06	4.51	1.83	1.31	2.27	6.1	2.23	7.64
5.27	3.65	1.29	0.44	1.92	5.63	2.25	6.47
5.29	3.37	1.36	1.05	1.94	5.58	1.51	6.33
4.22	2.98	0.97	0.33	1.15	4.93	1.16	6.06
5.02	3.08	1.43	0.61	1.29	5.26	1.54	6.16
4.29	2.93	0.95	0.47	0.99	4.62	1.15	6.06
5.01	3.18	0.98	0.61	1.48	4.98	1.27	6.25
5.58	3.43	1.59	1	1.89	5.62	1.83	6.9
5.24	3.47	2.09	0.53	1.73	5.48	1.67	6.65
5.03	2.95	1.62	0.78	2.29	5.93	2.03	6.94
5.54	3.5	2.4	1.04	2.68	6.28	2.31	7.04
5.52	3.53	2.08	1.15	2.5	6.03	2.71	7.69
5.76	2.82	2.49	1.17	2.7	6.93	2.54	7.51
5.54	2.92	1.89	0.61	2.58	5.74	1.91	6.69
5.46	3.76	2.11	0.68	2.45	5.93	2.78	7.25
4.93	3.67	1.89	0.47	2.65	5.5	2.2	6.45
5.4	3.83	2.13	0.86	2.3	5.8	2.24	6.94
4.68	2.76	1.26	0.21	1.25	5.44	1.59	6.53
4.8	3.6	1.41	0.59	1.73	5.6	1.89	6.5
4.77	3.29	1.3	0.52	1.51	5.25	1.46	6.3
4.92	3.04	1.22	0.64	1.72	4.91	1.58	6.36
4.71	2.85	1.05	0.7	1.71	4.97	1.14	6.05
4.09	2.61	0.69	0.24	0.83	4.56	0.86	5.66
4.03	2.59	0.69	0.39	0.69	4.32	0.88	5.59
3.86	2.63	0.57	0.41	0.53	4.18	0.76	5.43
4.08	2.67	0.61	0.44	0.63	4.19	0.64	5.53
4.07	2.63	0.51	0.35	0.57	4.26	0.71	5.47
4.52	2.87	0.6	0.46	0.61	4.5	0.79	5.61
4.97	3.21	0.93	0.63	0.97	4.78	1.11	6.25
4.7	2.95	0.83	0.39	0.89	4.89	1.15	6.14
4.75	3.03	1.08	0.49	1.26	5.01	1.31	6.12
4.52	2.68	0.87	0.69	1.42	5.07	1.45	6.26
4.51	2.66	1.25	0.51	1.52	4.77	1.27	6.09
4.61	2.72	1.15	0.3	1.02	4.9	1.09	6.01
4.68	3.11	1.37	0.26	1.33	5.33	1.7	6.4
4.91	3.08	1.48	0.51	1.77	5.48	1.87	6.51
4.89	2.88	1.34	0.65	1.75	5.36	1.75	6.44
5.7	3.68	1.94	0.97	2.02	5.68	2.02	6.59
5.31	3.14	1.34	0.79	1.71	5.47	1.7	6.75
4.62	2.63	1.25	0.46	1.76	5.12	1.29	6.54
4.93	2.98	1.51	0.58	1.77	5.3	1.44	6.41
4.61	3.03	1.52	1.01	1.63	5.25	1.55	6.12
4.53	2.73	1.05	0.39	1.01	4.74	1.1	6
4.34	3.11	0.88	0.58	1.15	4.7	1.29	6.03
4.41	2.68	0.94	0.61	1.21	4.82	1.42	5.99
4.57	3.09	1.15	0.7	1.18	4.9	1.58	6.14
4.52	2.86	1.04	0.62	1.18	4.83	1.37	6.36
4.78	3.15	1.08	0.48	1.44	4.9	1.34	6.34
4.41	3.04	1.05	0.54	1.25	4.73	1.06	6.21
4.69	2.98	1	0.7	1.43	4.84	1.3	6.19
5.05	3.16	1.3	0.64	1.52	5.05	1.32	6.14
4.79	3.05	1.03	0.63	1.38	5.04	1.58	6.04
4.81	3.11	1.2	0.68	1.46	5.19	1.37	6.23
4.43	2.95	0.95	0.56	1.16	4.97	1.35	6.25
4.61	3.19	1.21	0.79	1.34	4.94	1.51	6.34
4.37	2.95	0.75	0.44	1.1	4.6	1.2	5.89
4.23	2.74	0.91	0.56	1.15	4.61	1.08	5.75
4.08	2.76	0.75	0.36	0.79	4.4	0.87	5.69
4.35	2.86	0.95	0.34	0.94	4.77	1.05	6.03
4.18	2.8	0.8	0.51	0.85	4.42	0.93	5.98
4.48	2.91	1.05	0.64	1.13	4.86	1.3	5.91
4.43	2.99	0.89	0.49	1.3	4.96	1.34	6.16
4.65	3.03	0.85	0.34	1.26	4.77	0.99	6.15
4.68	3.26	1.11	0.58	1.58	5.27	1.27	6.28
4.59	3.2	1.2	0.86	1.79	4.89	1.52	5.95
4.57	3.08	1.24	0.78	1.58	5.15	1.34	6.39
4.7	3.21	1.26	0.83	1.59	5.18	1.65	6.38
4.66	2.91	0.99	0.54	0.91	4.85	1.29	6.06
4.54	3.08	1.22	0.66	1.24	5.07	1.71	6.48
4.84	3.02	1.28	0.84	1.69	5.24	1.55	6.28
4.73	2.84	1.31	0.76	1.39	5.06	1.34	6.36
4.49	2.93	1.03	0.41	1.49	4.81	1.32	6.08
4.48	2.92	1.16	0.35	1.47	5.29	1.5	6.13
4.77	3.46	1.13	1.02	1.33	5.33	1.58	6.68
4.66	2.94	1.01	0.75	1.38	5.13	1.42	6.46
4.87	3.37	1.44	0.83	1.69	5.28	1.53	6.64
4.65	2.62	0.98	0.51	1.3	4.75	1.25	6.2
4.51	2.92	0.77	0.47	1.29	4.86	1.3	6.32
4.88	2.96	1.36	0.68	1.41	5.24	1.39	6.64
4.41	2.85	1.09	0.42	1.28	4.96	1.29	6.19
4.71	2.89	1.17	0.8	1.29	4.81	1.5	6.48
4.41	2.93	0.96	0.64	1.32	5.07	1.28	6.27
4.31	2.66	0.94	0.52	0.96	4.79	1.13	5.99
4.55	2.83	1.13	0.77	1.29	4.8	1.3	6.22
4.06	2.48	0.62	0.29	0.84	4.51	0.77	5.92
4.39	2.43	0.84	0.49	0.96	4.73	0.82	5.94
4.81	2.88	1.05	0.66	1.12	4.9	1.18	6.31
4.41	2.8	0.95	0.34	1.14	4.49	1.01	6
4.5	2.96	0.79	0.7	1.26	5	1.29	6.53
4.56	2.96	1.26	0.54	1.13	4.89	1.22	6.25
4.14	2.75	0.85	0.42	0.8	4.54	1.19	6.13
4.21	2.65	0.65	0.43	0.92	4.59	0.9	5.99
4.12	2.88	0.71	0.3	0.87	4.35	0.95	6.03
4.09	2.78	0.81	0.41	0.86	4.46	0.96	5.91
4.06	2.58	0.57	0.25	0.74	4.45	0.82	5.93
4.2	2.68	0.78	0.41	0.75	4.46	0.84	6.16
4.25	2.67	0.88	0.43	0.72	4.65	0.88	5.82
4.31	2.86	0.73	0.57	1.13	4.86	1.04	6.05
4.59	2.69	0.72	0.2	0.93	4.63	0.87	6.12
4.33	3	0.95	0.47	1.12	4.85	1.18	6.52
4.59	2.97	1.18	0.6	1.26	4.88	1.45	6.58
4.28	2.83	1.05	0.55	1.08	4.7	1.35	6.42
4.36	2.75	0.9	0.34	1.2	4.78	1.14	6.34
4.4	2.94	0.83	0.43	0.95	4.62	1.18	6.29
4.3	2.95	0.9	0.61	1.04	4.71	1.13	6.39
4.29	2.9	0.8	0.52	0.94	4.56	1.12	6.32
4.07	2.66	0.88	0.45	0.88	4.86	1.04	6.24
4.54	3.18	1.07	0.59	1.01	4.75	1.14	6.37
4.47	3	0.62	0.38	1.18	4.89	1.15	6.18
4.5	2.94	0.69	0.64	1.01	4.84	1.19	6.37
4.78	3	1.02	0.5	1.17	4.92	1.2	6.51
4.82	3.06	1.17	0.55	1.18	4.99	1.26	6.46
4.54	2.98	0.69	0.15	1.23	4.74	0.9	6.35
4.64	2.77	1.15	0.32	1.38	4.94	1.13	6.54
4.84	2.93	1.12	0.45	1.45	5.19	1.52	6.68
4.46	2.8	0.95	0.39	1.31	4.92	1.12	6.5
4.45	2.78	0.84	0.58	1.32	4.98	1.55	6.76
4.61	2.74	0.71	0.5	0.84	4.89	0.95	6.47
4.84	2.99	0.96	0.53	1	4.87	1.28	6.55
4.6	2.77	0.87	0.46	1.03	4.57	1.2	6.55
4.71	2.9	0.88	0.58	1.09	4.95	1.22	6.54
4.47	2.76	0.68	0.45	0.92	4.67	1.1	6.47
4.61	2.76	0.74	0.43	0.84	4.74	1.11	6.39
4.45	2.59	0.61	0.49	0.77	4.48	0.96	6.28
4.52	2.67	0.63	0.4	0.73	4.59	0.82	6.34
4.6	2.99	0.84	0.53	0.84	4.66	1	6.56
4.77	2.65	0.62	0.3	0.63	4.61	0.79	6.17
4.91	2.96	0.9	0.55	1.02	4.77	1.02	6.68
4.82	2.79	0.79	0.14	0.79	4.67	0.99	6.48
5.08	3.05	0.78	0.52	0.99	4.86	0.97	6.76
5.06	2.83	0.83	0.37	1.18	4.91	0.82	6.65
5.1	2.82	0.82	0.39	0.9	4.89	1.08	6.73
5.17	2.9	0.81	0.56	1.47	4.79	1.52	6.64
5.31	2.49	0.82	0.35	1.3	4.9	0.97	6.79
5.21	3.04	0.96	0.33	1.14	4.79	1.23	6.72
5.73	3.14	1.21	0.72	1.5	5.09	1.17	7.01
5.74	3.06	0.95	0.71	1.19	5.11	1.41	6.93
5.47	2.8	0.74	0.43	0.93	4.96	1.09	6.69
5.67	3.21	0.94	0.63	1.12	5.18	1.4	6.85
5.7	2.86	1.1	0.5	1.28	5.07	1.27	7.03
5.6	2.9	0.73	0.43	0.99	4.84	1.25	6.52
5.78	2.88	1.09	0.75	1.42	5.19	1.59	6.96
5.76	2.78	0.67	0.43	1.33	4.7	1.17	6.82
5.89	3.02	0.7	0.68	1.01	5.04	1.14	6.99
5.68	2.83	0.79	0.57	1.21	4.79	1.33	7.05
6	3.11	0.92	0.61	1.29	5	1.18	7.03
6.18	3.08	1.09	0.38	1.05	4.91	1.46	6.91
5.96	3.23	1.07	0.65	1.54	5.17	1.63	7.19
6.12	3	0.87	0.44	1.52	4.89	1.44	6.94
6.17	2.77	0.79	0.3	1.24	5.05	1.37	6.96
6.5	3.16	1.05	0.65	1.47	5.23	1.43	7.22
6.03	3.11	0.79	0.31	1.43	5.25	1.69	6.74
6.32	3.06	1.46	0.79	1.72	5.29	1.4	7.14
6.27	2.86	0.91	0.64	1.33	5.06	1.5	6.72
6.23	3.18	0.96	0.43	1.66	5.22	1.37	6.62
6.58	3.13	1.18	0.59	1.47	5.42	1.36	6.98
6.1	3.15	0.85	0.45	0.99	5.06	1.18	6.78
5.95	2.85	0.69	0.35	0.8	4.92	1.07	6.56
6.28	2.93	0.63	0.53	1.02	4.95	1.03	6.53
6.52	2.94	0.97	0.71	1.08	5.16	1.23	6.75
6.49	2.93	0.78	0.58	1.05	5.03	1.22	6.68
6.31	2.79	0.91	0.62	0.73	4.9	1.04	6.79
6.49	3.03	0.82	0.53	0.98	5	1.07	6.7
6.19	2.8	0.56	0.26	0.82	4.84	0.94	6.6
6.31	2.81	0.9	0.66	1.15	4.99	1.2	6.86
6.73	3.09	0.7	0.62	1.08	4.97	1.33	6.72
6.77	3.14	0.92	0.72	0.97	5.41	1.31	6.81
6.61	2.95	0.81	0.29	1.23	5.12	1.35	6.68
6.9	3.05	0.7	0.47	1.31	5.11	1.38	7.04
6.73	3.22	0.95	0.6	1.47	5.13	1.46	7.07
6.91	2.97	1.12	0.72	1.38	5.5	1.32	6.98
6.76	3.17	1.2	0.71	1.64	5.23	1.59	6.98
6.63	3.2	0.81	0.5	1.24	5.02	1.14	6.75
7.18	3.01	0.95	0.82	1.28	5.48	1.4	6.97
7.23	3.18	1.16	0.84	1.86	5.61	1.35	7.39
7.02	2.8	0.85	0.32	1.33	5.28	1.32	6.81
7.12	3.16	0.9	0.67	1.54	5.37	1.34	7.19
7.01	3.04	1.1	0.59	1.52	5.59	1.55	7.06
7.61	3.24	0.79	0.69	1.51	5.34	1.73	7.34
7.22	2.77	0.4	0.31	0.94	5.03	1.08	6.85
7.33	2.93	0.46	0.24	1.11	5.47	1.3	6.94
7.86	3.49	1.18	0.61	1.61	5.63	1.64	7.5
7.18	2.77	0.72	0	1.16	5.16	1.34	7.25
7.25	2.98	1.08	0.3	1.51	5.57	1.39	6.83
7.54	3.02	1.26	0.78	1.77	5.39	1.77	7.13
7.44	2.9	1	0.77	1.39	5.06	1.65	7.26
7.24	3.04	0.98	0.9	1.5	5.45	1.71	7.19
7.59	2.86	0.87	0.45	1.31	5.28	1.84	6.91
7.84	3.22	1.39	0.95	1.4	5.77	2.2	7.6
7.31	3.03	1.08	0.24	1.39	5.38	1.28	7.07
7.51	2.94	0.69	0.59	1.34	5.44	1.37	7.46
7.61	2.83	0.87	0.81	1.53	5.55	1.77	7.59
7.55	2.95	0.89	0.49	1.71	5.35	1.74	7.45
7.7	3.15	1.09	0.76	1.73	5.51	1.7	6.99
7.35	2.85	0.81	0.37	1.3	5.54	1.52	6.94
7.36	3.1	0.69	0.47	1.21	5.34	1.53	7.17
7.58	3.32	1.08	0.67	1.42	5.42	1.4	7.11
7.25	3.15	0.85	0.54	1.01	5.57	1.21	7.13
7.37	2.75	0.77	0.09	0.76	5.09	0.88	6.51
7.49	2.69	0.64	0.21	1.42	5.34	1.26	6.74
7.74	2.89	0.88	0.3	1.25	5.37	1.26	6.8
7.73	3.08	0.85	0.35	1.17	5.24	1.47	6.92
7.39	2.88	0.64	0.4	1.05	5.39	0.95	6.73
7.45	2.84	0.88	0.84	1.08	4.99	1.41	6.99
7.77	2.99	0.7	0.6	1.3	5.19	1.27	6.95
7.9	3.1	1.04	0.41	1.12	5.38	1.4	7
7.62	2.94	0.8	0.32	1.22	5.3	1.3	6.82
7.9	3.22	1.2	0.33	1.39	5.76	1.68	6.99
8.19	3.05	0.85	0.85	1.51	5.55	1.71	7.04
8.05	2.81	0.9	0.64	1.07	5.58	1.63	6.51
8.1	2.81	0.97	0.28	1.32	5.92	1.61	7.16
8.13	3.4	0.92	0.86	1.55	5.54	1.65	7.07
7.81	2.75	0.74	0.47	1.14	5.49	1.4	6.7
8.03	3.39	0.92	0.72	1.25	5.61	1.56	7.3
8.2	3.08	0.93	0.67	1.18	5.68	1.5	6.93
7.66	2.92	0.86	0.3	1.38	5.28	1.09	7.01
8.55	3.18	1.15	0.71	1.58	5.73	1.43	7.26
7.9	2.88	0.96	0.78	1.75	5.65	1.35	7.02
7.62	2.95	0.75	0.41	0.84	5.02	1.1	6.73
8.11	3.1	0.69	0.52	1.2	5.55	1.4	6.9
8.18	3.2	0.78	0.59	1.2	5.32	1.38	7
7.51	3.14	0.77	0.56	1.48	5.38	1.43	7.02
7.91	2.81	0.7	0.16	1.02	5.6	1.48	6.61
8.01	2.78	0.87	0.39	1.29	5.14	1.66	6.99
8.2	3.08	0.81	0.49	1.25	5.71	1.53	7.22
8.14	2.69	0.78	0.72	1.44	5.5	1.36	7.02
7.89	3.09	0.69	0.4	1.25	5.46	1.23	6.83
8.17	3.29	0.71	0.77	1.31	5.28	1.63	7.28
7.7	3.07	0.82	0.48	1.53	5.26	1.35	6.78
8.39	2.92	0.71	0.37	1.03	5.33	1.35	6.73
7.79	2.89	0.52	0.31	0.91	5.4	1.09	6.6
8.07	2.78	0.72	0.16	1.16	5.28	1.03	6.46
7.98	2.91	0.56	0.42	1.3	5.37	1.21	6.74
7.72	2.86	0.77	0.3	1.03	5.12	0.96	6.51
7.7	2.9	0.49	0.21	1	4.9	1.1	6.57
8.3	3.13	0.71	0.29	1.37	5.34	1.37	7.04
8.44	3.36	0.85	0.68	1.27	5.41	1.46	6.72
8.31	3.04	0.9	0.61	1.12	5.51	1.19	6.87
8.37	2.8	0.81	0.41	1.24	5.61	1.01	6.84
8.18	2.81	0.62	0.55	1.5	5.28	1.33	6.89
8.26	2.98	0.78	0.69	1.5	5.27	1.25	6.98
8.39	2.84	0.39	0.5	1.19	5.41	1.46	6.78
8.06	3.06	0.93	0.25	1.25	5.5	1.38	7.03
7.95	2.72	0.69	0.03	0.95	5.03	0.93	6.34
8.09	2.47	0.63	0.56	1.48	5.11	1.09	6.93
8.05	2.96	0.74	0.43	1.17	5.32	1.01	6.85
8.18	2.7	0.33	0.14	0.97	5.14	1.15	6.7
8.26	2.88	0.63	0.29	1.38	5.03	0.94	6.93
7.98	2.74	0.28	0.24	1.17	5.03	0.9	6.38
8.06	2.78	0.65	0.47	1.21	5.29	1.08	6.83
7.99	3.06	0.59	0.58	1.16	5.25	1.34	6.73
7.97	3.13	0.87	0.82	1.33	5.28	1.2	6.7
7.91	3.1	0.94	0.53	1.07	5.25	1.4	6.59
7.77	2.98	0.46	0.28	1.06	5.39	1.29	6.52
8.24	2.84	0.3	0.39	0.86	5.27	1.11	6.58
8.07	2.97	0.49	0.42	0.92	5.39	1.08	6.5
8.22	3.04	0.6	0.56	0.99	5.21	1.02	6.66
7.96	2.91	0.53	0.63	1.17	5.24	1.19	6.37
8.13	2.86	0.4	0.2	1.19	5.21	0.97	6.45
8.24	2.91	0.21	0.24	1.27	5.31	1.16	6.57
8.42	2.94	0.7	0.88	1.15	5.89	1.01	6.63
7.97	2.84	0.43	0.38	0.9	5.2	0.83	6.49
8.57	2.94	0.81	0.69	1.08	5.35	1.31	6.82
7.86	2.86	0.56	0.33	1.04	5.71	1.18	6.52
7.99	2.55	0.47	0.44	0.96	5.72	1.17	6.63
8.1	3.01	0.89	0.45	1.2	5.45	1.2	6.65
8.45	3.24	0.88	0.46	1.32	5.36	1.32	6.79
8.29	3.2	0.82	0.5	1.29	6.09	1.27	6.54
8.07	3.09	0.74	0.76	1.37	5.57	1.12	6.78
7.98	2.8	0.37	0.22	1.02	5.46	0.92	6.45
8.17	3.06	0.54	0.48	1.14	5.85	1.1	6.62
8.58	2.91	0.74	0.53	1.05	5.96	1.37	6.77
8.15	2.86	0.6	0.3	0.97	5.75	1.28	6.37
8.15	3.03	0.65	0.45	1.6	6.11	1.22	6.7
8.26	2.89	0.56	0.39	0.95	5.94	0.99	6.64
8.1	3.16	0.56	0.43	1.35	6.05	1.21	6.61
7.9	2.8	0.39	0.21	1.01	5.84	0.89	6.61
7.97	3.1	0.76	0.76	1.08	5.86	1.04	6.55
7.96	2.8	0.55	0.44	1.2	6.17	1.18	6.62
8.01	2.88	0.47	0.42	0.95	6.32	0.94	6.59
7.69	2.95	0.42	0.35	0.87	6.17	1.03	6.7
7.69	2.74	0.37	0.31	1.06	6.05	0.89	6.43
7.68	3.03	0.82	0.75	1.14	6.42	1.36	6.96
7.64	2.91	0.5	0.49	1.11	6.11	0.86	6.35
7.81	3.28	0.58	0.57	1.13	6.35	1.1	6.57
7.69	2.98	0.65	0.29	0.94	6.11	0.83	6.43
7.31	2.59	0.4	0.3	1.02	6.13	0.9	6.22
7.32	2.75	0.31	0.05	0.81	6.09	0.76	6.19
7.27	2.95	0.35	0.61	0.84	6.28	0.95	6.31
7.43	2.63	0.63	0.43	0.97	6.5	0.8	6.31
7.88	2.97	0.49	0.56	0.98	6.49	0.75	6.22
7.65	2.78	0.47	0.39	1.11	6.71	0.93	6.35
7.75	2.95	0.81	0.49	1.05	6.92	1.22	6.46
7.56	3	0.4	0.65	1.19	6.76	0.83	6.25
7.34	3.02	0.81	0.5	1.05	6.5	0.92	6.43
7.17	2.69	0.33	0.58	1.07	7.08	0.95	6.33
7.07	2.77	0.39	0.42	0.8	6.83	0.92	6.19
7.07	2.7	0.39	0.36	0.76	6.98	0.78	6.1
6.81	2.61	0.33	0.41	0.78	6.78	0.62	6.13
6.76	2.49	0.39	0.26	0.72	7.01	0.64	5.8
6.97	2.69	0.39	0.29	0.77	7.05	0.73	6.11
7.43	2.83	0.5	0.36	0.68	7.34	0.85	6.07
7.52	2.92	0.4	0.43	0.87	7.63	0.81	6.21
7.53	2.81	0.5	0.46	0.91	7.85	0.89	6.29
7.24	3	0.44	0.4	0.97	7.86	0.89	6.36
7.33	2.9	0.49	0.31	1.02	7.78	1.01	6.69
7.3	2.99	0.62	0.66	1.14	8.31	1.06	6.75
7.38	2.78	0.45	0.49	1.23	8.36	0.87	6.64
7.55	3.08	0.67	0.51	1.12	8.65	1.1	6.72
7.12	3.04	0.66	0.37	1.22	8.42	1.02	6.69
6.78	2.84	0.4	0.35	0.88	8.38	0.82	6.35
7.18	3.02	0.6	0.54	1.51	8.85	1.09	6.62
7.19	2.72	0.26	0.27	0.98	8.69	1.17	6.59
7.09	3.13	0.51	0.5	0.98	9.16	1.02	6.59
6.87	2.74	0.24	0.19	1	9.21	0.85	6.71
6.94	2.87	0.53	0.54	1	9.23	1.06	6.68
7.07	3.07	0.56	0.51	1.28	9.26	1.04	6.46
6.92	2.79	0.5	0.49	1.38	9.56	0.94	6.72
7.06	2.73	0.38	0.52	1.14	9.78	0.84	6.93
7.3	3.16	0.7	0.9	1.43	9.65	1.31	7.08
6.95	2.93	0.41	0.4	1.08	9.61	1.22	6.91
6.98	2.9	0.47	0.39	1.13	9.66	1.09	6.81
6.68	2.77	0.61	0.53	1.15	9.84	1.07	6.78
6.47	2.6	0.38	0.42	1.02	9.81	0.98	6.62
6.36	2.47	0.32	0.16	0.79	9.82	0.66	6.54
6.38	2.64	0.35	0.47	0.99	10.18	0.79	6.52
6.76	2.72	0.64	0.44	1.16	10.12	0.97	6.7
6.4	2.59	0.29	0.24	1.05	10.36	0.84	6.47
6.65	2.79	0.47	0.34	1.03	10.57	0.94	6.76
6.75	2.89	0.3	0.36	1.3	10.46	0.91	6.79
6.72	2.98	0.63	0.72	1.3	11.03	1.11	6.92
6.57	2.7	0.39	0.08	1.09	10.75	0.8	6.73
6.88	2.94	0.77	0.61	1.39	11.11	1.1	7.15
6.64	2.84	0.53	0.61	1.23	11.43	1.13	7.05
6.41	2.9	0.57	0.59	1.43	11.3	1.14	7.06
6.61	2.75	0.54	0.63	1.21	11.28	1.02	6.86
6.34	2.89	0.51	0.58	1.39	11.52	1.06	6.96
6.25	2.84	0.56	0.34	1.26	11.65	1.13	6.81
5.92	2.59	0.32	0.36	0.94	11.24	0.88	6.88
6.2	2.96	0.51	0.56	1.36	11.43	0.87	6.48
5.86	2.39	0.57	0.05	1.19	11.25	0.84	6.63
5.88	2.61	0.41	0.28	1.2	11.56	0.83	6.57
5.83	2.58	0.33	0.06	0.97	11.6	0.53	6.7
5.99	2.89	0.56	0.45	1.38	11.79	1.03	6.86
5.98	2.71	0.49	0.42	1.14	11.81	0.61	7.05
6.11	2.71	0.31	0.43	1.03	12.23	0.93	6.94
6.11	2.8	0.4	0.05	1.08	12.33	0.76	7.01
6.2	2.65	0.45	0.39	1.26	12.35	0.94	7.12
5.93	2.73	0.44	0.3	1.35	12.34	0.92	7.15
5.82	2.59	0.17	0.24	1.1	12.03	0.58	7.21
5.78	2.74	0.5	0.11	0.97	12.49	0.93	7.03
6.03	2.77	0.4	0.51	1.45	12.47	1.13	7.28
5.73	2.92	0.53	0.45	1.58	12.81	1.22	7.23
5.96	2.77	0.51	0.47	1.26	13.01	1.03	7.44
5.95	2.91	0.67	0.69	1.62	13.27	1.02	7.65
5.67	2.67	0.56	0.55	1.43	13.31	1	7.43
5.69	2.75	0.37	0.36	1.52	12.7	0.94	7.12
5.63	2.73	0.31	0.55	1.54	13.42	0.86	7.33
5.48	2.83	0.45	0.36	1.44	13.25	0.74	7.5
5.61	2.67	0.48	0.27	1.46	13.29	1.06	7.42
5.53	2.82	0.5	0.44	1.43	13.34	0.92	7.37
5.69	2.8	0.68	0.4	1.62	13.49	0.93	7.63
5.39	2.64	0.37	0.22	1.53	13.34	0.93	7.71
5.54	2.75	0.34	0.51	1.61	13.27	0.83	7.63
5.29	2.58	0.46	0.39	1.43	13.75	0.94	7.78
5.09	2.75	0.59	0.31	1.61	13.84	0.91	7.75
5.26	2.74	0.38	0.34	1.66	14.1	0.94	7.68
5.29	2.71	0.63	0.42	1.7	13.97	1.18	7.97
5.47	2.82	0.47	0.38	1.67	14.06	1.01	7.75
5.15	2.44	0.38	0.31	1.45	14.04	1.01	7.72
5.35	2.73	0.8	0.4	1.59	14.19	1.03	8.13
5.46	2.84	0.58	0.64	1.77	14.6	1.21	8.16
5.29	2.95	0.71	0.5	2.03	14.54	1.17	8.45
5.24	2.69	0.5	0.35	1.59	14.82	1.05	7.94
5.27	2.64	0.4	0.27	1.82	14.83	1.07	8.04
5.22	2.73	0.55	0.2	1.98	14.68	1.13	8.22
5.49	2.8	0.47	0.43	2.05	15.03	1.14	8.36
4.99	2.54	0.42	0.35	1.92	15.04	1.02	8.16
5.03	2.69	0.66	0.42	2.02	14.99	1.13	8.5
5	2.84	0.8	0.65	1.91	14.9	1.14	8.37
4.97	2.93	0.65	0.61	1.96	14.81	1.13	8.27
5.05	2.46	0.71	0.47	2.16	14.98	1.02	8.44
4.95	2.76	0.48	0.18	1.77	14.93	1.15	8.36
5.21	2.63	0.55	0.29	1.89	15.37	1.33	8.56
5.14	3.02	0.8	0.56	2.31	15.57	1.35	9.02
4.9	2.77	0.57	0.38	2.05	15.47	1.02	8.81
5.01	2.66	0.59	0.45	2.29	15.37	1.29	8.93
4.87	2.66	0.63	0.44	2.36	15.92	1.26	8.94
5.03	2.53	0.53	0.3	2.21	15.44	1.23	8.95
4.97	2.61	0.54	0.33	2.34	15.92	1.44	9.25
5.16	2.73	0.81	0.61	2.48	16.18	1.39	9.44
5.02	2.73	0.59	0.33	2.59	16.16	1.38	9.28
5.34	2.79	0.71	0.82	2.67	16.64	1.55	9.73
5.04	2.68	0.75	0.39	2.62	16.71	1.49	9.5
5.03	2.98	0.89	0.59	3.22	16.85	1.98	10.2
4.8	2.9	0.8	0.51	2.69	16.88	1.76	10.04
5.18	2.8	0.71	0.59	2.93	16.74	1.68	10.25
4.76	2.83	0.79	0.5	3.05	16.59	1.86	10.22
4.74	2.55	0.85	0.33	2.76	16.66	1.77	10.17
4.74	2.74	0.68	0.45	3.09	17.04	2.12	10.58
5.16	2.91	1.07	0.66	3.39	17.29	2.08	10.84
4.86	2.87	1.04	0.66	3.27	17.2	2.17	10.84
4.96	2.9	1.03	0.67	3.36	17.12	2.25	11.02
4.76	2.68	0.72	0.6	3.31	17.12	2.21	11.12
4.8	2.92	0.84	0.45	3.44	17.33	2.18	11.27
4.7	2.76	0.64	0.42	3.38	17.33	2.33	11.44
4.62	2.84	0.92	0.52	3.65	17.49	2.47	11.64
4.79	2.95	0.97	0.54	3.63	17.14	2.84	11.9
4.82	3.12	0.94	0.76	4.07	17.7	2.84	12.21
4.57	2.93	0.98	0.52	4.11	17.24	2.65	12.16
4.66	2.76	0.98	0.66	3.82	17.51	2.9	12.39
4.76	3.1	1.28	0.76	4.35	17.77	3.35	12.65
4.43	2.75	1.08	0.76	4.1	17.5	3.19	12.86
4.44	2.77	0.82	0.54	3.98	17.31	3.07	12.68
4.52	2.86	1.14	0.53	4.31	17.64	3.32	13.08
4.61	3.08	0.96	0.72	4.35	17.67	3.53	13.34
4.84	3.02	1.19	0.73	4.69	18.15	3.62	13.5
4.57	2.73	0.99	0.62	4.45	17.64	3.48	13.55
4.72	3.05	0.95	0.62	4.45	17.93	3.69	13.89
4.66	3.1	1.18	0.87	4.93	18.15	4.07	14.06
4.52	3	1.08	0.81	4.88	17.82	4.07	14.25
4.59	3.07	1.08	0.58	5	18.08	4.4	14.73
4.72	3.15	1.16	0.8	5.19	18.08	4.8	14.88
4.65	3.1	1.05	0.85	5.4	18.11	4.62	15.4
4.72	3.43	1.34	1.02	5.83	18.44	5.16	15.58
4.83	3.35	1.18	0.89	5.68	18.07	5.23	15.84
4.68	3.25	1.09	0.81	5.89	18.39	5.29	16.14
4.52	3.11	1.36	0.65	5.82	18.27	5.49	16.4
4.79	3.12	1.37	0.92	6.06	18.22	6.06	16.78
4.57	3.2	1.26	0.67	6.14	18.26	6.13	16.72
4.77	3.16	1.29	0.97	6.33	18.32	6.27	17.39
4.56	3.21	1.34	0.95	6.55	18.34	6.33	17.34
4.34	2.87	1.07	0.67	6.29	17.85	6.5	17.49
4.59	3.18	1.26	0.92	6.71	18.34	6.87	17.91
4.66	3.22	1.33	0.8	7.06	18.42	7.12	18.42
4.69	3.28	1.62	0.99	7.1	18.76	7.58	18.71
4.85	3.42	1.38	1.05	7.59	18.73	8.09	19.27
4.75	3.58	1.51	1.3	7.6	18.78	8.41	19.79
4.59	3.33	1.33	0.96	7.61	18.99	8.36	19.47
4.72	3.35	1.48	1.01	7.94	18.73	8.77	20.15
4.58	3.24	1.57	0.93	8.07	18.44	8.92	20.11
4.77	3.51	1.8	1.49	8.41	18.9	9.57	20.68
4.71	3.48	1.55	1.13	8.65	18.68	9.91	20.96
4.6	3.45	1.41	1.13	8.7	18.83	10.15	21.3
4.66	3.5	1.54	1.19	9.03	18.44	10.05	21.72
4.49	3.45	1.29	1.14	8.82	18.36	10.67	21.49
4.79	3.47	1.67	1.35	9.16	18.66	10.97	22.08
4.68	3.48	1.65	1.39	9.3	18.79	11.37	22.32
4.6	3.4	1.66	1.23	9.42	18.37	11.49	22.48
4.53	3.43	1.71	1.25	9.67	18.42	11.87	22.8
4.4	3.55	1.59	1.22	9.58	18.33	12.09	22.88
4.48	3.55	1.68	1.35	10.05	18.22	12.41	23.26
4.44	3.5	1.74	1.3	10.07	18.35	13.04	23.49
4.39	3.6	1.68	1.34	10.13	18.19	13.32	23.62
4.31	3.55	1.63	1.37	10.28	18.08	13.55	24.01
4.42	3.43	1.64	1.33	10.49	18.32	13.87	24.23
4.32	3.64	1.6	1.29	10.72	18.05	14.23	24.38
4.4	3.56	1.74	1.35	10.96	18.25	14.52	24.75
4.3	3.67	1.58	1.44	11.18	18.02	15.09	25.03
4.38	3.62	1.67	1.47	11.4	17.97	15.38	25.08
4.37	3.65	1.62	1.41	11.58	17.98	15.8	25.53
4.37	3.61	1.72	1.44	11.59	17.95	16	25.72
4.32	3.71	1.72	1.55	11.96	18.14	16.46	26.25
4.52	3.83	1.82	1.61	12.37	18.33	17.09	26.69
4.63	3.87	1.91	1.66	12.62	18.52	17.78	26.97
4.75	3.9	1.85	1.65	13.18	18.44	18.2	27.02
4.62	3.85	1.76	1.64	13.28	18.28	18.7	27.41
4.67	4.05	1.91	1.8	13.65	18.45	19.06	27.64
4.57	3.99	1.86	1.78	13.72	18.3	19.53	27.84
4.34	3.81	1.9	1.63	13.72	18.12	19.69	28.26
4.31	3.87	1.93	1.71	13.84	18.06	20.31	28.43
4.35	3.92	1.88	1.71	14.16	18.17	20.57	28.68
4.51	3.91	1.81	1.76	14.66	18.24	21.31	29.06
4.76	4.04	2.05	1.8	15.17	18.64	21.92	29.41
4.7	4.11	1.96	1.81	15.52	18.67	22.65	29.53
4.82	4.14	2.02	1.83	15.89	18.68	23.06	29.75
4.9	4.2	2.08	1.92	16.32	18.82	23.75	30.15
4.88	4.21	2.02	2.04	16.64	18.73	23.95	30.43
5	4.36	2.15	2.16	17.16	18.98	24.83	30.76
4.99	4.34	2.07	1.99	17.16	18.93	25.19	30.8
5.13	4.56	2.52	2.39	17.95	19.29	26.09	31.37
5.1	4.31	2.25	2.15	18.25	19.22	26.25	31.71
5.06	4.39	2.17	2.13	18.3	19.08	26.82	31.69
4.97	4.34	2.23	2.32	18.48	19.11	27.32	32.32
4.95	4.53	2.32	2.18	18.61	19.06	27.31	32.45
4.63	4.38	2.28	2.18	18.82	18.86	27.84	32.3
4.84	4.42	2.09	2.17	19.01	19.08	28.41	32.51
4.98	4.68	2.23	2.3	19.73	18.94	29.1	33.05
4.81	4.57	2.14	2.27	19.73	19.04	29.51	33
5.12	4.71	2.45	2.31	19.86	19.21	29.93	33.31
4.84	4.5	2.3	2.19	19.94	18.99	29.93	33.12
4.72	4.34	2.23	2.27	20.46	19.17	30.57	33.41
4.84	4.39	2.36	2.18	20.31	18.8	30.72	33.77
4.86	4.46	2.26	2.29	20.38	18.83	30.9	33.91
4.75	4.49	2.31	2.39	20.63	18.88	31.31	34.01
4.68	4.29	2.13	2.14	20.5	18.72	31.38	33.87
4.67	4.5	2.28	2.35	20.88	18.82	31.94	34.24
4.64	4.34	2.18	2.22	21.18	18.73	32.43	34.12
4.91	4.6	2.32	2.38	21.63	19.1	33	34.37
4.96	4.61	2.24	2.36	22.16	19.29	33.63	34.72
5.06	4.69	2.46	2.63	22.46	19.37	33.92	34.75
5.19	4.76	2.45	2.49	23.03	19.17	34.47	34.95
5.09	4.6	2.34	2.6	23.35	19.51	34.91	35.28
5.22	4.7	2.48	2.62	23.63	19.51	35.21	35.49
4.88	4.67	2.31	2.65	23.61	19.45	35.48	35.47
4.6	4.53	2.31	2.4	23.55	19.57	35.19	35.44
4.79	4.66	2.38	2.41	23.69	19.36	35.86	35.58
4.92	4.69	2.5	2.83	24.06	19.34	35.89	35.84
4.77	4.66	2.28	2.59	24.08	19.27	36.01	35.91
4.86	4.42	2.33	2.47	24.2	19.16	35.89	35.49
4.85	4.79	2.54	2.57	24.72	19.37	36.42	35.76
4.63	4.44	2.42	2.53	24.37	19.11	36.23	35.76
4.92	4.66	2.45	2.68	24.76	19.36	36.49	35.88
4.8	4.61	2.41	2.56	24.91	19.23	36.67	35.94
4.65	4.51	2.28	2.58	24.69	19.13	36.73	35.83
4.65	4.61	2.34	2.67	25.15	19.31	37	35.88
4.68	4.62	2.38	2.6	25.27	19.14	37.18	35.91
4.74	4.62	2.47	2.8	25.52	19.39	37.21	36.27
4.98	4.77	2.42	2.85	26.02	19.65	37.73	36.19
4.86	4.68	2.32	2.76	26.64	19.6	38.11	36.19
5.01	4.82	2.43	2.78	27.38	20.01	38.85	36.37
5.08	4.87	2.5	2.76	27.84	20.2	39.12	36.71
5.21	4.93	2.45	2.83	28.2	20.14	39.09	36.66
5.11	4.88	2.53	2.9	28.32	20.16	39.14	36.66
5.03	4.89	2.66	2.93	28.56	20.04	39.29	36.71
5.09	4.94	2.58	2.91	28.59	20.11	39.07	36.71
4.74	4.74	2.49	2.88	28.57	20.07	38.8	36.48
5.08	4.79	2.53	2.84	28.93	20.21	38.99	36.99
4.75	4.89	2.49	3	28.83	20	39.01	37.08
4.81	4.85	2.52	3.08	29.04	20.13	38.81	36.81
4.88	4.6	2.44	2.97	29.16	20.04	38.71	36.94
4.77	4.72	2.47	2.94	29.4	20.24	38.8	36.96
4.8	4.73	2.42	2.98	29.58	20.23	38.85	37.09
5.03	4.79	2.47	3.1	30.36	20.54	39.43	37.29
4.9	4.82	2.48	3.04	30.66	20.54	39.47	37.06
5.17	4.96	2.61	3.19	31.33	21.05	39.92	37.34
5.24	5.07	2.67	3.17	31.89	21.02	40.11	37.27
5.19	4.85	2.62	3.13	32.37	21.28	40.3	37.5
5.42	5.14	2.58	3.31	32.81	21.38	40.46	37.37
5.48	5.15	2.69	3.43	33.75	21.54	40.81	37.91
5.44	5.17	2.77	3.32	34	21.65	41.19	37.99
5.53	5.3	2.84	3.44	34.41	21.78	41.35	38.27
5.44	5.03	2.8	3.35	34.96	21.82	41.11	38.28
5.44	5.24	2.68	3.38	35.29	21.94	41.37	38.55
5.62	5.56	2.92	3.65	35.65	22.27	41.64	38.43
5.47	5.32	2.83	3.47	35.71	22.18	41.4	38.18
5.35	5.08	2.88	3.63	36.09	22.09	41.05	38.67
5.37	5.17	2.98	3.52	35.51	22.09	40.8	38.19
5.41	5.3	2.98	3.62	35.86	22.17	40.87	38.34
5.32	5.21	2.85	3.47	35.77	22.08	40.85	38.41
5.46	5.45	2.81	3.67	36.41	22.32	40.91	38.7
5.49	5.25	2.82	3.68	36.79	22.55	41.18	38.76
5.7	5.53	3.02	3.72	37.35	22.7	41.53	38.69
5.65	5.38	2.91	3.74	37.62	22.89	41.54	38.74
5.64	5.35	2.88	3.49	37.8	22.57	41.64	38.67
5.68	5.54	2.88	3.62	37.97	22.91	41.84	39.05
5.59	5.52	2.96	3.73	38.12	22.79	41.34	38.85
5.45	5.48	3.06	3.74	38.18	22.95	41.47	39.16
5.66	5.48	2.96	3.91	38.23	22.92	41.66	39.15
5.59	5.46	3.01	3.81	38.75	23	41.73	39.15
5.58	5.5	3.07	3.88	39.13	23.02	41.57	38.99
5.61	5.53	2.98	3.97	39.08	23.02	41.5	39.21
5.47	5.64	3.06	3.66	38.82	22.91	41.67	39.01
5.77	5.72	3.06	3.88	39.14	23.03	41.2	39.28
5.45	5.44	2.93	3.64	38.61	23.09	41.32	38.88
5.49	5.41	2.87	3.68	38.43	22.75	41.23	38.74
5.31	5.33	2.87	3.74	38.3	22.61	40.78	38.97
5.21	5.28	2.94	3.68	37.82	22.47	40.48	38.69
5.14	5.23	2.68	3.62	37.53	22.1	39.88	38.42
5.13	5.26	2.8	3.66	36.97	22.08	39.83	38.39
5.05	5.24	2.81	3.7	37.47	22.33	39.93	38.82
5.13	5.3	2.74	3.65	38.09	22.45	40.41	38.78
5.4	5.47	2.91	3.85	39.05	22.97	41.38	38.97
5.75	5.63	3.07	4.03	39.89	23.35	41.76	39.03
5.87	5.73	3	4.07	40.57	23.57	42.24	39.27
6.06	5.73	3.02	4.12	41.33	23.75	42.61	39.27
5.88	5.61	2.89	4	41.31	23.81	42.42	39.49
6.04	5.66	3.17	4.11	41.59	23.86	42.86	39.67
5.99	5.77	3.03	4.12	41.1	24.17	42.8	39.41
6	5.62	3.14	4.01	41.3	24.15	42.29	39.84
5.87	5.72	3.15	4.19	41.41	23.94	42.29	39.77
5.76	5.74	3.22	4.12	41.2	23.75	41.95	39.58
5.9	5.69	3.11	4.13	41.22	23.59	42.13	39.62
5.66	5.71	3.04	3.97	40.59	23.64	41.67	39.46
5.64	5.72	3.03	3.94	40.43	23.33	41.64	39.43
5.61	5.58	2.91	3.86	40.5	23.68	41.27	39.72
5.66	5.55	3	3.95	41.06	23.85	41.96	39.99
5.71	5.61	3.15	4	41.02	23.9	41.92	39.59
5.86	5.61	3.16	4.2	41.27	24.06	42.24	39.78
5.55	5.62	2.97	3.85	41.48	23.93	42.29	39.77
5.75	5.63	3.25	4.2	41.33	24.1	42.47	40.18
5.77	5.57	3.05	4.14	41.78	23.99	42.22	40.18
5.76	5.74	3.15	4.08	41.88	24.26	42.4	40.3
5.9	5.63	3.11	4.12	42.06	23.95	42.56	40.19
5.8	5.79	3.04	4.07	41.9	24.34	42.53	40.02
5.79	5.68	3.12	3.99	42.19	24.58	42.52	40.13
5.86	5.63	3.1	4.01	42	24.07	41.82	39.93
5.84	5.78	3.1	4.15	41.93	24.18	42.27	39.89
5.94	5.64	3.17	4.2	41.75	24.48	42.03	39.92
5.85	5.63	3.18	3.94	41.83	24.3	41.85	39.91
5.77	5.49	3.03	4.02	41.82	24.1	41.96	39.63
5.9	5.54	2.93	4	41.79	24.16	42.1	39.88
5.92	5.57	2.96	3.96	41.61	24.03	41.55	39.67
5.84	5.66	3.02	4.1	41.9	24	41.78	39.84
5.77	5.62	2.92	4.13	41.95	24.31	41.95	39.4
5.96	5.63	3.09	4.27	42.41	24.41	41.87	39.79
5.72	5.66	2.94	4.07	42.46	24.46	41.73	39.92
5.91	5.65	3.18	4.17	42.27	24.56	41.75	39.9
5.7	5.7	3.04	4.15	42.62	24.34	41.79	40.19
5.68	5.46	2.96	4.02	42.52	24.41	41.62	39.77
5.96	5.62	3.13	4.26	42.86	24.57	41.86	39.89
6.13	5.52	2.93	3.99	42.61	24.7	41.96	39.7
5.92	5.54	2.96	4.23	42.8	24.71	41.68	39.67
5.71	5.64	2.99	4.01	42.88	24.31	41.53	39.37
6.07	5.63	3.23	4.29	42.79	24.69	41.41	39.42
5.86	5.52	3.05	4.2	42.54	24.48	41.17	39.2
5.77	5.53	2.96	4.02	42.07	24.41	40.93	39.47
5.92	5.64	3.05	4.15	41.82	24.31	40.83	39.29
5.82	5.62	3.16	4.09	41.84	24.15	40.49	39.41
5.97	5.71	3.06	4.23	42.01	24.36	40.67	39.22
5.75	5.61	3	4.03	42.32	24.33	40.48	39.24
5.75	5.67	2.99	4.15	42.41	24.25	40.37	39.24
5.84	5.67	2.97	4.14	42.36	24.66	40.27	39.07
5.84	5.6	2.94	4.12	42.53	24.51	40.46	39.07
5.87	5.69	3.13	4.12	42.87	24.5	40.72	39.44
6	5.77	2.97	4.17	43.13	24.81	40.7	39.4
5.97	5.66	2.97	4.05	43.33	24.84	40.88	39.54
5.85	5.68	3.09	4.21	43.31	24.88	40.42	39.48
6.02	5.72	3.25	4.32	43.22	24.88	40.51	39.72
5.92	5.55	3.09	4.07	42.83	24.56	40.29	39.25
5.79	5.54	3	4.1	42.35	24.53	39.76	38.88
5.75	5.53	2.84	3.98	42.16	24.2	39.36	38.82
5.6	5.51	2.88	3.96	41.75	24.12	39.3	38.47
5.64	5.49	2.89	4	41.23	24	38.79	38.17
5.58	5.41	2.78	3.88	41.08	23.74	38.48	38.08
5.41	5.39	2.82	3.81	40.23	23.42	37.68	37.42
5.15	5.23	2.62	3.73	39.72	23.24	37.51	37.88
5.24	5.41	2.7	3.88	41.42	24.8	39.5	40.39
5.6	5.89	2.96	4.2	45.23	27.28	43.03	44.66
5.96	6.1	3.13	4.38	46.7	27.94	44.26	45.4
6.04	5.96	3.02	4.32	45.56	26.75	42.59	42.64
6.35	5.97	2.98	4.27	44.98	25.73	41.49	40.1
6.68	5.97	3.07	4.33	45.15	25.63	40.97	38.83
6.68	5.99	3.02	4.32	45.32	25.47	40.54	38.46
6.57	5.86	2.96	4.22	44.92	25.23	39.72	38.09
6.17	5.74	2.97	4.09	43.4	24.8	38.84	37.82
5.77	5.52	2.87	3.93	41.87	24.17	37.89	37.86
5.49	5.44	2.71	3.85	41.29	24.09	37.29	38
5.51	5.51	2.74	3.91	41.56	24.5	37.81	38.76
5.56	5.48	2.74	3.87	42.2	24.85	38.3	39.2
5.76	5.68	2.83	4.05	42.64	25.14	38.55	39.17
5.91	5.72	2.86	4.09	43.19	25.16	38.79	38.92
6.18	5.84	2.95	4.17	43.94	25.27	38.97	38.59
6.51	5.99	3	4.27	44.83	25.56	39.2	38.49
6.76	6.03	3.16	4.36	45.42	25.71	39.15	38.25
6.6	6.07	3.14	4.36	45.43	25.59	39.02	38.29
6.41	5.95	3.13	4.28	45.02	25.51	38.48	38.05
6.17	5.8	3	4.12	43.99	25.04	37.55	37.89
5.81	5.65	3.02	3.95	42.49	24.62	36.6	37.56
5.49	5.52	2.77	3.81	41.97	24.57	36.16	37.89
5.5	5.59	2.84	3.9	41.99	24.82	36.38	38.49
5.7	5.76	2.84	3.96	42.91	25.25	37.11	38.72
6.07	5.9	3.01	4.19	44.32	25.58	37.65	38.84
6.43	6.17	3.06	4.31	45.97	26.11	38.55	38.66
6.99	6.41	3.33	4.52	47.54	26.65	39.26	38.72
7.03	6.46	3.23	4.64	48.07	26.97	39.05	38.95
7.18	6.45	3.34	4.65	48.44	27.07	39.12	39
7.16	6.53	3.41	4.62	48.19	27.08	38.91	38.98
7.08	6.5	3.51	4.67	48.22	27.05	38.62	39.36
6.86	6.44	3.55	4.59	47.6	26.66	38.03	39.31
6.77	6.41	3.3	4.53	47.5	26.81	37.79	39
6.66	6.51	3.3	4.49	46.95	26.62	37.53	39
6.56	6.34	3.34	4.44	46.97	26.49	37.2	38.8
6.3	6.31	3.31	4.43	46.3	26.09	36.57	38.52
6.38	6.35	3.33	4.34	45.86	26.34	36.35	38.68
6.33	6.39	3.3	4.43	46.01	26.35	36.12	38.38
6.51	6.43	3.3	4.34	46.37	26.72	36.16	38.45
6.63	6.47	3.3	4.51	47.03	26.8	36.53	38.37
6.84	6.69	3.39	4.53	48.03	27.15	36.76	38.7
6.9	6.76	3.47	4.75	48.23	27.3	36.74	38.65
6.84	6.62	3.32	4.6	48.34	27.36	36.68	38.9
6.96	6.8	3.53	4.62	48.83	27.52	36.65	38.88
7.17	6.92	3.64	4.88	49.27	27.86	36.66	39.27
7.16	7	3.74	4.85	49.7	28.03	36.62	38.76
7.57	7.19	3.71	5.05	49.95	28.14	36.65	39.28
7.61	7.07	3.62	4.88	50.69	28.23	36.57	39.06
7.52	7.18	3.73	5.06	50.67	28.33	36.65	39.22
7.62	7.19	3.76	5.06	51.24	28.35	36.55	39.22
7.72	7.39	3.84	5.16	51.07	28.48	36.36	39.11
7.93	7.36	3.83	5.01	51.63	28.46	36.29	39.35
7.98	7.51	3.99	5	51.88	29.02	36.33	39.22
7.93	7.61	4.05	5.17	51.76	28.56	36.04	39.31
8.12	7.66	4.08	5.03	52.08	28.58	36.03	39.45
7.91	7.58	4	5.01	51.87	28.65	35.5	38.95
8.11	7.72	3.95	5.18	51.86	29.03	35.55	38.87
8.14	7.78	4.11	5.28	52.22	28.84	35.3	38.95
8.27	7.86	4.06	5.24	52	29.01	34.99	38.85
8.38	7.87	4.1	5.29	52.4	29.25	34.93	38.87
8.65	8.04	4.26	5.25	52.99	29.31	34.82	39.08
8.72	8.21	4.26	5.41	53.75	29.7	35.31	38.96
8.83	8.04	4.33	5.39	53.83	29.67	34.94	38.76
9.15	8.34	4.46	5.46	54.26	29.87	35.18	39.02
9.31	8.43	4.41	5.37	54.26	29.92	34.67	38.93
9.24	8.44	4.54	5.51	54.54	30.1	34.63	38.89
9.49	8.62	4.44	5.48	54.71	30.18	34.52	38.71
9.18	8.54	4.55	5.46	54.22	29.86	34.06	38.82
9.35	8.61	4.55	5.65	54.3	30	33.71	38.92
9.46	8.66	4.61	5.44	54.23	30.02	33.65	38.63
9.55	8.7	4.71	5.54	54.16	29.98	33.42	38.58
9.79	8.85	4.79	5.77	54.49	30.16	33.3	38.62
10.19	9.21	4.93	5.68	55.13	30.27	33.34	38.67
10.32	9.18	5	5.77	55.54	30.45	33.42	38.55
10.42	9.38	4.89	5.82	55.95	30.51	33.04	38.58
10.58	9.46	5.06	5.86	56.08	30.79	33.03	38.82
10.89	9.56	5.18	5.88	56.66	30.95	33.16	38.64
11	9.65	5.22	5.88	56.5	30.8	32.71	38.06
11.24	9.82	5.41	6.06	56.91	31.11	32.83	38.47
11.3	9.85	5.4	6.15	57.3	31	32.16	38.42
11.48	10.06	5.41	6.08	57.23	31.16	32.47	38.66
11.58	10.01	5.73	6.06	57.03	31.4	32.24	38.32
11.79	10.16	5.68	6.09	57.55	31.41	32.1	38.45
11.99	10.31	5.74	6.1	58.14	31.65	31.98	38.2
12.58	10.41	5.99	6.37	58.64	31.82	32.3	38.56
12.75	10.42	6.06	6.36	59.03	31.86	32.27	38.25
13.12	10.82	6.31	6.65	60.06	32.29	32.28	38.57
13.31	10.86	6.43	6.61	60.17	32.39	32.25	38.38
13.59	10.99	6.46	6.6	60.15	32.44	32.02	38.49
14	11.13	6.66	6.68	60.64	32.65	31.82	38.6
14.14	11.44	6.74	6.75	60.71	32.61	31.75	38.83
14.14	11.35	6.89	6.65	60.89	32.68	31.7	38.63
14.52	11.42	7.01	6.79	60.98	32.63	31.26	38.28
14.7	11.57	6.98	6.74	60.88	32.65	31.15	38.54
14.68	11.7	7.14	6.76	60.39	32.61	30.63	37.89
14.77	11.65	7.1	6.67	59.62	32.44	30.24	37.64
14.72	11.78	7.34	6.65	59.43	32.38	29.84	37.74
14.69	11.72	7.12	6.61	58.85	32.03	29.44	37.07
14.97	11.85	7.38	6.67	58.67	31.92	29.08	37.1
14.96	11.87	7.43	6.67	58.8	31.88	29.08	37.11
15.38	12.01	7.44	6.69	59.3	32.32	29.06	37.38
16.08	12.38	7.79	6.95	60.45	32.83	29.53	37.65
16.69	12.67	7.98	7.07	61.76	33.31	29.69	37.6
17.32	12.97	8.33	7.21	62.47	33.67	29.93	37.78
17.67	13.03	8.64	7.34	63.21	33.86	29.93	37.67
17.95	13.16	8.67	7.5	63.89	34.02	29.97	37.87
18.2	13.3	8.94	7.49	64.46	34.13	29.61	37.61
18.64	13.41	9.12	7.55	64.33	34.29	29.68	38.02
18.74	13.5	9.29	7.43	64.18	34.34	29.67	37.94
18.97	13.57	9.4	7.62	64.59	34.15	29.33	38.16
19.26	13.97	9.64	7.73	64.55	34.37	29.17	37.84
19.42	13.9	9.75	7.56	64.34	34.61	29.08	37.62
19.41	13.85	9.81	7.6	64.45	34.25	28.91	37.68
19.7	14.13	9.99	7.73	64.89	34.64	28.85	37.43
19.7	13.92	10.09	7.61	64.12	34.28	28.61	37.4
19.61	14.17	10.12	7.76	63.8	33.91	28.2	36.99
19.75	14.09	10.14	7.62	63.64	34.05	27.91	37.03
19.56	14.02	10.19	7.46	62.59	33.54	27.19	36.57
19.26	14.11	10.03	7.46	61.59	33.41	26.74	36.38
19.1	13.89	9.95	7.34	60.79	33.05	26.31	36.2
19.38	14.03	10.11	7.39	61.18	33.25	26.4	36.28
19.87	14.23	10.29	7.5	61.96	33.54	26.68	36.31
20.45	14.39	10.6	7.76	62.82	33.81	26.79	36.3
20.96	14.51	10.93	7.83	63.67	34.06	26.83	36.29
20.87	14.35	10.85	7.76	63.45	33.8	26.46	35.79
20.67	14.51	10.86	7.55	62.16	33.44	25.92	35.58
20.17	14.39	10.64	7.43	60.72	33.17	25.36	35.5
20.08	14.59	10.65	7.37	60.85	33.67	25.58	36.47
20.9	15.47	11.23	7.73	62.95	35.67	26.61	38.67
21.73	15.96	11.58	7.91	64.88	36.54	27.38	39.69
22.34	15.86	11.78	8.06	65.83	36.29	27.37	38.84
23.04	15.54	11.94	8.29	66.48	35.78	26.98	37.41
23.7	15.54	12.23	8.39	67.54	35.92	26.85	36.63
24.15	15.54	12.59	8.52	68.19	35.97	26.75	36.31
24.25	15.62	12.7	8.39	68.14	35.85	26.71	36.11
24.15	15.58	12.7	8.46	68.14	35.77	26.49	36.05
24.08	15.74	12.71	8.42	67.47	35.59	26.07	36.2
23.77	15.66	12.64	8.35	66.45	35.32	25.9	36.22
23.08	15.47	12.63	8.18	65.42	34.89	25.27	35.92
22.62	15.34	12.38	7.97	64.21	34.43	24.9	35.72
22.19	15.08	12.11	7.77	63.03	34.05	24.25	35.31
21.66	15.19	11.95	7.72	61.88	34.13	24	35.56
21.75	15.49	11.98	7.76	62.12	34.62	24.27	36.02
22.49	15.74	12.38	7.96	63.61	35.12	24.68	36.19
23.69	16	12.94	8.3	65.86	35.69	25.08	36.5
24.62	16.04	13.33	8.54	67.47	36.01	25.35	36.32
25.25	16.39	13.69	8.81	68.62	36.27	25.58	36.12
25.45	16.19	13.75	8.67	69.14	36.28	25.52	36.31
25.3	16.42	13.77	8.7	68.57	36.16	25.26	36.29
24.5	16.08	13.57	8.57	67.07	35.85	24.61	35.78
23.61	15.93	13.04	8.27	65.45	35.28	23.85	35.68
23.19	15.85	13.1	8.07	64.38	35.12	23.77	35.86
23.27	15.92	12.95	8.1	64.36	35.34	23.81	35.96
24	16.09	13.29	8.44	65.5	35.84	24.28	36.03
24.99	16.52	13.83	8.58	67.67	36.48	24.73	36.29
25.75	16.73	14.22	8.74	69.25	36.85	24.9	36.37
26.21	16.76	14.44	8.84	69.36	36.78	24.71	36.5
26.19	16.82	14.53	8.9	69.79	37.18	25.02	36.36
25.79	16.53	14.29	8.77	69.17	36.86	24.52	36.29
25.42	16.64	14.01	8.8	67.99	36.41	24.43	35.99
25.14	16.54	14.23	8.58	67.83	36.26	24.22	35.96
24.41	16.32	13.83	8.36	66.31	35.72	23.41	35.54
23.76	16.1	13.49	8.23	64.71	35.23	22.94	35.29
22.91	15.77	12.91	7.97	62.55	34.47	22.28	34.62
22.54	15.65	12.74	7.8	61.98	34.8	22.1	35.02
22.78	15.89	12.82	7.77	62.35	35.25	22.38	35.73
23.41	16.16	13.11	8.06	63.98	35.93	22.72	36.2
24.51	16.35	13.53	8.34	65.78	36.27	23.06	35.93
25.41	16.52	13.93	8.56	67.56	36.73	23.24	35.72
26.08	16.47	14.31	8.72	68.31	37.01	23.41	35.29
25.96	16.6	14.24	8.67	67.94	36.75	23.18	35.2
25.69	16.52	14.21	8.67	67.78	36.83	23.14	35.4
25.96	16.56	14.37	8.68	68.11	36.98	23.19	35.56
26.49	16.93	14.61	8.99	69	37.44	23.48	35.87
26.5	16.81	14.7	8.95	69.65	37.26	23.49	35.67
26.51	17.01	14.85	8.99	69.37	37.39	23.48	35.66
26.46	16.97	14.63	8.95	69.07	37.48	23.25	35.89
25.92	16.91	14.72	8.84	68.81	37.38	22.94	35.77
25.57	16.71	14.38	8.65	67.39	36.85	22.61	35.67
25.6	16.89	14.41	8.65	67.5	37.1	22.73	35.52
25.25	16.69	14.29	8.62	66.92	36.84	22.45	35.41
25.23	16.84	14.32	8.62	66.67	37.05	22.34	35.82
25.59	16.97	14.37	8.71	67.43	37.34	22.48	35.89
26.06	17.16	14.73	8.88	68.76	37.78	22.88	36.1
26.87	17.16	15.16	8.97	69.94	38.03	22.94	35.96
27.72	17.39	15.26	9.18	71.38	38.74	23.4	36.62
27.6	17.43	15.35	9.28	71.36	38.84	23.5	36.56
27.66	17.42	15.63	9.35	71.53	38.94	23.37	36.63
28.12	17.4	15.72	9.14	72.01	39.25	23.45	36.99
28.11	17.53	15.73	9.3	71.65	38.93	23.24	37
27.55	17.74	15.61	9.26	71.5	39.11	23.35	36.82
27.36	17.61	15.5	9.13	71.11	38.69	22.9	36.67
27.28	17.63	15.46	9.15	70.45	38.53	22.9	36.34
27.36	17.63	15.57	9.04	70.51	38.69	23.04	36.45
27.15	17.51	15.34	9.19	70.13	38.5	22.71	36.47
27.24	17.59	15.41	9.08	70.03	38.48	22.79	36.52
26.86	17.35	15.4	9.05	69.4	38.44	22.36	36.33
26.37	17.15	14.85	8.95	68.21	37.94	21.94	36.41
26.14	17.23	14.88	8.72	67.9	38.13	22.14	36.01
26.22	17.31	14.99	9.01	68.14	38.28	22.08	36.48
26.92	17.69	15.2	9.03	69.51	38.63	22.31	36.53
27.46	17.54	15.16	9.17	70.17	39.32	22.59	36.41
27.84	17.85	15.61	9.39	70.91	39.36	22.57	36.63
27.89	17.87	15.88	9.31	71.14	39.72	22.7	36.68
28.06	17.92	15.81	9.34	71.5	39.63	22.87	36.7
28.2	17.8	15.87	9.49	71.89	39.94	23	37.02
28.41	18.3	15.88	9.29	71.57	39.89	22.74	36.96
28.19	17.94	15.73	9.35	71.81	39.86	22.54	37.1
28.25	17.95	15.89	9.34	71.31	40.11	22.81	36.9
27.99	17.87	15.56	9.22	70.57	39.81	22.7	36.96
27.56	17.76	15.72	9.2	71	39.98	22.32	37.35
27.91	17.6	15.33	9.08	70.83	39.73	22.17	37.04
27.64	17.88	15.56	9.34	71.02	39.75	22.51	37.14
28.23	17.99	15.78	9.28	71.15	40.3	22.5	37.23
28.05	17.99	15.84	9.49	71.86	40.41	22.57	37.48
27.84	17.96	15.49	9.32	71.42	39.75	22.53	37.32
27.91	17.9	15.44	9.28	71.38	40	22.62	37.45
27.95	17.6	15.69	9.48	71.52	40.56	22.44	37.7
27.86	17.89	15.36	9.45	70.82	40.01	22.52	37.25
27.89	18.09	15.37	9.36	71.26	40.07	22.48	37.51
27.85	17.72	15.38	9.29	71.07	40.14	22.42	37.41
27.44	17.82	15.24	9.47	70.26	40.08	22.24	37.14
27.46	18.02	15.17	9.08	70.08	40.34	22.24	37.44
27.12	17.73	14.81	9.35	70.25	39.94	22.3	36.99
26.92	17.42	14.75	9.17	69.61	39.88	21.73	36.9
27.72	17.71	14.86	9.28	70.24	40.34	22.39	37.58
27.94	18.05	14.84	9.39	70.91	40.49	22.6	37.38
28.08	18.2	15.26	9.64	71.13	40.52	22.5	37.53
27.82	17.82	14.98	9.35	70.97	40.26	22.17	37.55
27.9	17.87	14.87	9.29	71.11	40.99	22.56	37.87
27.92	17.75	14.95	9.51	70.83	41.06	22.45	38.02
27.74	17.52	14.66	9.36	70.6	40.68	22.45	37.88
27.5	17.8	14.27	9.5	70.29	40.44	22.12	37.63
26.99	17.52	14.28	9.35	69.91	40.43	21.9	37.6
26.86	17.54	13.98	9.22	68.62	40.59	21.87	37.54
26.78	17.5	13.96	9.36	69.08	40.17	21.8	37.36
26.19	17.11	13.53	9.23	67.61	40.04	21.38	37.04
25.65	17.11	13.35	9.05	66.52	39.72	21.18	36.55
25.67	17.1	13.28	9.15	67.3	39.67	21.37	36.87
26.57	17.59	13.67	9.45	68.4	40.6	21.88	37.42
26.83	17.43	13.59	9.45	68.94	40.38	21.84	37.06
27.22	17.42	13.48	9.59	70.05	40.77	22.25	37.43
27.56	17.72	13.73	9.68	70.18	41.02	22.23	38
27.47	17.5	13.54	9.61	70.61	41.16	22.6	37.46
27.34	17.63	13.57	9.71	70.88	41.16	22.47	37.76
27.03	17.78	13.81	9.61	70.29	41.29	22.27	37.78
26.66	17.31	13.26	9.33	69.67	40.97	22.33	37.69
26.87	17.36	13.05	9.67	69.06	41	22.27	37.62
26.31	17.14	13.03	9.62	69.42	40.77	22.14	37.71
26.44	17.15	12.93	9.39	68.86	41.15	22.11	38.08
26.33	16.91	12.65	9.65	69.19	41.2	22.16	37.8
26.22	17.23	12.79	9.35	68.49	41.09	22.15	37.59
25.78	16.6	12.35	9.31	67.99	40.41	22.18	37.63
25.07	16.6	11.98	9.24	66.99	40.38	21.85	37.03
24.81	16.53	11.92	9.18	66.31	40.14	21.8	37.63
25.48	16.71	11.98	9.14	66.65	40.19	22.13	37.62
25.42	16.61	11.82	9.25	67.27	40.36	22.12	37.59
25.78	16.62	11.81	9.39	68.24	41.01	22.41	37.88
26.03	16.8	12.07	9.61	68.48	40.91	22.57	37.78
26.08	16.63	11.98	9.39	68.96	41.24	22.71	38.08
26.15	16.93	12.1	9.67	68.93	41.4	22.71	38.04
26.09	16.94	12.02	9.45	68.34	41.37	22.99	37.92
25.83	16.61	11.78	9.44	67.74	40.87	22.59	38.28
25.58	16.59	11.49	9.53	67.36	40.89	22.61	38
25.33	16.6	11.73	9.48	67.34	41.13	22.79	38.22
25.45	16.65	11.37	9.37	67.11	41.44	22.84	38.45
25.77	16.63	11.57	9.62	68.15	41.71	23.36	38.81
26.12	16.76	11.49	9.63	69.29	41.74	23.86	38.68
26.43	16.89	11.66	9.75	69.32	42.08	23.88	39.44
26.22	16.72	11.58	9.77	69.19	42.3	23.72	39.07
26.34	16.81	11.63	10	69.25	42.16	24.11	39.46
26.26	16.99	11.64	9.94	69.78	42.35	24.41	39.25
26.46	16.85	11.55	9.86	70.21	42.83	24.24	39.7
26.51	16.82	11.67	9.9	69.85	42.87	24.49	39.84
26.73	16.86	11.62	10.01	70.23	43.15	24.65	39.94
26.82	17	11.89	10.24	70.49	43.39	25.3	40.4
26.71	16.92	11.58	10.22	70.77	43	25.27	40.35
26.91	16.77	11.49	10.08	70.57	43.27	25.3	40.64
26.17	16.82	11.37	9.93	71.18	43.35	25.35	40.3
26.44	16.91	11.3	9.86	70.08	43.17	25.18	40.75
26.64	16.68	11.33	10.06	70.25	43.27	25.71	40.95
26.48	16.93	11.65	10.19	70.18	43.18	25.97	41.1
26.35	16.78	10.97	10.13	70.11	43.08	25.61	41.12
26.6	16.62	10.89	10	69.86	43.32	26.17	40.68
26.65	16.83	11.44	10.14	70.07	43.39	26.13	40.96
26.71	17.1	11.25	9.82	70.47	43.84	26.49	41.26
26.36	17.02	11.24	10.52	70.16	44.09	26.66	41.32
26.77	17.07	11.43	10.3	70.3	43.93	26.93	41.46
26.29	16.92	11.19	10.35	70.24	43.7	26.97	41.53
26.51	16.95	11.39	10.31	70.21	44.04	27.05	41.82
25.98	16.62	11.39	10.31	70.19	43.83	27.14	41.2
26.4	16.95	11.05	10.18	69.59	44.03	27.32	41.37
26.19	16.96	11.05	10.26	69.82	43.94	27.65	41.73
26.33	16.9	10.94	10.26	69.65	43.94	27.77	42.07
26.21	17	11.1	10.66	70.26	44.26	28.06	41.74
26.48	16.82	11	10.36	70.21	44.08	28.67	41.77
26.35	16.74	11.13	10.47	70.29	44.41	28.21	41.96
26.35	16.74	10.66	10.33	69.79	44.13	28.77	42.15
26.25	16.65	10.89	10.45	69.8	44.09	28.75	41.86
26.13	16.61	10.91	10.4	69.61	44.34	29	42.56
26.27	17.01	10.92	10.76	70.13	44.51	29.44	42.61
26	16.87	10.46	10.25	69.75	44.53	29.49	42.42
25.55	16.58	10.55	10.5	69.38	43.82	29.57	42.07
25.55	16.59	10.49	10.61	68.76	44.08	29.37	42.29
25.37	16.53	10.33	10.7	68.44	44.28	29.4	42.39
25.79	16.68	10.45	10.22	68.9	44.24	30.02	42.31
25.68	16.71	10.41	10.43	68.59	44.16	30.11	42.38
25.38	16.66	10.25	10.52	68	43.92	30.07	42.41
25.5	16.58	10.33	10.52	68.44	44.13	30.98	42.79
25.57	16.95	10.33	10.45	68.47	44.36	31.09	42.77
26.01	16.77	10.68	10.75	69.23	44.76	31.4	43.25
26.18	17.18	10.87	10.63	69.89	45.2	32.05	43.34
26.25	17.27	10.63	10.7	69.96	45.37	32.31	43.73
26.41	17.28	10.77	10.87	69.9	44.67	32.57	43.51
25.96	17.01	10.42	10.73	69.64	45.03	32.9	43.26
25.79	16.95	10.29	10.74	69.27	45.17	32.65	43.48
26.1	17.2	10.4	10.88	69.35	44.87	33.11	43.69
25.78	16.87	10.36	10.8	68.67	44.71	32.99	43.3
25.36	16.81	10.1	10.64	67.86	44.49	33.57	43.26
25.35	16.69	10.47	10.58	67.91	44.55	33.36	42.87
24.98	16.85	10.2	10.48	67.51	44.66	33.9	43.44
25.63	16.55	10.25	10.86	66.95	44.6	34.32	43.56
25.62	17.02	10.1	10.96	67.99	44.81	34.57	44.03
25.44	16.68	9.98	10.69	67.7	44.46	34.55	43.6
25.34	16.81	9.93	10.7	67.5	44.2	34.49	43.56
25.02	16.88	10.21	10.62	66.84	44.06	34.94	43.13
24.58	16.56	9.84	10.57	65.65	43.49	35.23	42.94
23.89	16.57	9.51	10.44	64.23	43.39	34.43	43.01
23.78	16.39	9.59	10.46	63.95	43.53	34.88	43.06
24.04	16.51	9.44	10.45	64.59	43.64	35.47	43.07
24.87	16.68	9.72	10.61	66.68	44.38	36.52	43.39
25.74	17.2	10.21	11.04	68.29	45.22	37.52	44.07
26.29	17.34	10.09	11.11	68.56	45.68	38.08	43.88
26.58	17.2	10.18	11.26	69.92	46.4	38.75	44.45
26.36	17.24	10.2	11.05	70.01	45.99	38.93	44.1
26.63	17.15	10.39	11.14	69.7	46.23	39.71	44.75
26.37	17.25	10.21	11.26	69.89	46.43	39.81	44.69
25.86	17.06	10.05	11.28	69.39	45.93	40.33	44.94
26.11	17.31	10.26	11.5	68.92	46.26	40.76	45.59
25.74	16.9	9.82	11.13	68.4	45.74	40.66	44.94
25.39	16.95	9.99	10.87	68.37	45.53	40.72	45.14
25.81	16.96	9.95	10.84	68.27	45.69	41.17	45.38
25.89	17.23	10.02	11.36	68.72	45.87	41.36	45.59
25.14	17.32	10.02	11.02	67.2	45.45	41.44	45.14
25.27	17.2	10.08	11.26	67.02	45.62	41.83	44.78
24.7	17.09	9.89	10.97	66.02	45.12	41.9	44.89
24.52	16.49	9.64	10.82	65.28	44.93	41.53	44.93
24.35	16.87	9.43	10.96	65.28	45.05	42.18	44.76
24.31	16.73	9.34	10.94	65.05	44.88	42.5	44.88
24.27	16.66	9.4	10.78	65.02	44.7	42.28	44.51
23.81	16.52	9.04	10.18	63.86	44.7	42.34	43.94
23.73	16.42	8.91	10.5	63.8	44.22	42.37	43.84
24.16	16.82	9.43	10.73	64.47	45.05	43.46	44.52
24.93	17.22	9.44	11.11	65.34	45.53	44.43	45.05
25.46	16.96	9.76	11.02	67.25	46.67	45.48	45.19
25.69	17.19	9.76	11.16	67.99	46.34	46.37	45.76
25.64	17.47	9.87	11.5	68.46	46.78	47.04	46.25
25.64	16.92	9.82	11.34	68.12	46.59	47.06	46.02
25.8	17.25	9.89	11.15	68.09	46.55	47.83	46.24
25.93	17.37	10	11.61	68.41	46.49	47.75	46.47
25.48	17.18	9.66	11.55	67.88	46.56	48.07	46.85
25.16	17.3	9.45	11.1	67.41	46.69	48.37	46.25
24.74	16.63	9.42	11.12	65.97	45.9	48.18	46.37
24.41	16.62	9.35	11.02	65.05	45.36	47.84	45.84
23.64	16.44	8.95	10.7	63.44	45.21	47.3	45.59
23.45	16.55	8.85	10.57	63.62	45.21	48.14	45.87
23.68	16.64	8.65	10.82	64.15	45.49	48.7	45.88
24.38	16.58	9.16	11.13	65.71	46.05	49.81	46.54
24.62	16.99	8.87	10.89	66.04	46.52	50.36	46.51
24.78	16.95	9.17	10.99	67.27	46.84	51.48	46.7
25.1	17.02	9.48	11.13	67.29	46.58	51.58	46.61
25.25	16.98	9.39	11.03	68.05	47.04	52	47.08
25.47	17.01	9.09	11.22	68.2	47.46	52.6	46.97
25.52	16.6	9.13	11.39	68.47	47.8	53.61	47
25.42	17.08	9.3	10.86	67.96	47.15	53.18	47.08
25.2	17.01	9.04	11.07	67.48	46.89	53.86	47.64
24.83	16.43	8.86	10.91	68.16	46.99	54.37	47.25
25.55	16.92	9	11.12	67.83	47.28	54.52	47.84
25.17	16.89	9.15	11.2	67.71	47.48	55.36	48.04
25.12	16.7	9.05	11.4	67.87	48.18	55.9	48.23
24.8	16.9	9.12	11.16	67.51	47.6	55.59	48.04
25.43	16.89	9.09	11.27	67.96	48.14	56.92	48.45
24.71	16.98	9	10.95	67.92	47.51	56.1	48.16
24.61	16.77	8.9	11.14	67.66	48.14	57.36	48.62
24.4	16.37	8.92	10.86	67.29	47.28	56.34	48.02
25.14	16.47	9.23	11.22	67.9	48	57.49	48.52
24.96	16.48	8.89	10.88	67.48	48.24	57.59	48.44
24.91	16.35	8.82	11.07	67.59	48.4	58.07	48.31
24.83	16.31	8.99	11.17	67.55	48.39	57.84	48.1
24.43	16.73	8.49	10.77	67.03	48.12	58.37	48.28
24.87	16.52	8.77	11.23	67.16	47.62	58.74	48.32
24.4	16.25	8.55	10.92	67.14	47.99	58.94	48.12
24.58	16.61	8.87	11.01	67.78	48.74	59.97	48.54
24.14	16.23	8.35	10.87	66.45	48.34	59.48	48.36
25.33	17.02	9	11.6	67.31	48.69	60.81	48.98
24.38	16.24	8.42	10.67	66.73	48.3	60.49	48.1
24.14	16.5	8.13	10.89	66.72	48.53	60.73	48.89
24.63	16.47	8.47	11.04	67.45	48.49	60.9	48.45
24.55	16.04	8.27	10.97	67.39	48.67	61.19	48.56
24.56	16.43	8.37	10.81	67.87	49.38	62.16	48.8
24.39	16.32	8.38	10.44	67.06	48.3	61.68	48.77
24.82	16.33	8.54	10.94	67.45	48.44	61.74	48.94
24.86	16.58	9.02	11.17	67.21	48.78	61.89	48.98
24.3	16.29	8.25	10.86	67.24	48.31	62.64	48.86
24.85	16.23	8.48	11.17	67.21	48.39	62.09	48.65
24.63	16.27	8.33	10.94	66.49	48.88	62.43	48.81
24.38	16.09	8.34	11.05	67.25	48.82	62.74	49.31
24.34	16.24	8.46	11.25	66.75	48.73	63.29	48.73
24.3	15.72	8.16	10.5	66.21	48.33	62.49	48.36
24.07	16.07	8.41	10.59	66.18	48.52	62.93	47.97
23.92	16.17	8	10.88	65.94	48.36	62.41	48.64
23.65	15.75	8.06	10.46	66.05	48.85	63.21	48.67
23.76	15.41	7.68	10.03	64.65	47.51	62.6	47.74
23.49	15.47	7.53	10.12	64.76	48.02	62.84	47.33
23.25	15.55	7.74	10.79	64.4	48.18	63.01	48.17
22.71	15.73	7.6	10.48	63.74	47.32	62.12	47.12
22.52	15.29	7.9	10.34	62.27	47.03	61.83	46.59
22.54	15.45	7.84	10.37	62.48	46.93	61.54	47.05
22.92	15.45	7.69	10.71	63.39	47.37	62.77	47.29
23.1	15.54	7.8	10.45	63.96	47.99	63.11	48.32
23.56	15.87	7.76	10.44	63.85	47.79	63.63	47.72
23.7	15.98	8.17	10.78	65.46	48.85	64.31	47.71
23.94	16.02	8.15	10.81	65.49	48.84	65.24	47.83
23.79	15.92	8.12	11.21	65.99	48.88	65.33	48.3
24.25	16.32	7.82	10.6	65.88	48.87	65.3	48.96
24.28	15.86	7.96	10.5	65.44	48.55	65.57	48.76
24.04	16.64	8.44	10.96	66.05	49.16	65.8	49
24.09	16.3	8.24	11.09	65.88	49.26	66.38	49.61
24.33	16.75	8.2	10.81	66.11	49.89	66.22	48.98
24.06	16.14	7.61	10.74	66.88	49.8	66.92	48.86
24.34	16.28	7.94	11.04	67.05	49.98	67.09	49.38
25.18	16.49	8.45	11.27	66.98	50.32	67.35	49.06
24.15	16.08	8.07	10.53	66.65	49.62	66.53	49.01
24.56	16.27	8.01	11.02	66.52	49.86	67.39	49.12
23.57	15.76	8.04	10.44	65.54	49.49	66.4	49.21
23.85	16.08	7.7	10.73	65.09	49.02	66.39	48.48
23.36	15.73	7.71	10.5	64.24	48.98	66.48	48.44
23.09	15.99	7.85	10.59	64	49.23	65.99	47.66
23.36	15.88	7.87	10.57	64.96	49.2	66.24	48.2
23	15.83	7.66	10.26	63.62	48.61	66	48.13
23.43	16.25	7.83	10.53	65.51	49.08	68.05	48.82
23.59	15.77	8	10.28	64.76	49.03	66.54	47.92
23.3	15.92	7.87	11.01	65.23	49.74	67.11	48.88
23.69	15.93	7.98	11	65.61	49.92	67.66	48.93
23.48	15.57	7.42	10.55	65.24	49.99	67.71	48.77
24.08	15.96	7.74	10.72	65.37	49.23	67.8	48.67
23.57	15.52	7.78	10.56	65.62	49.71	68.34	49.56
23.58	16.17	7.92	10.64	66.15	50.67	68.39	49.44
22.98	15.58	7.83	10.62	65.32	50.15	68.67	49.07
23.36	15.68	8.04	10.46	65.21	49.86	68.34	49.16
22.98	15.23	7.24	10.24	65.18	49.93	68.38	49.34
23.5	15.78	7.43	10.48	65.16	49.73	68.8	48.93
23.25	15.08	7.33	10.58	66.24	50.49	69.23	49.57
22.96	15.33	7.02	10.31	65.51	49.74	69.22	49
22.87	14.86	6.96	10.18	65.74	50.3	69.43	49.25
22.61	15.1	7.23	10.66	65.8	50.41	69.71	48.75
23.65	14.98	7.22	10.84	66.04	50.38	69.55	49.97
23.79	15	7.32	10.13	66.12	50.47	70.63	49.1
23.05	14.98	7.44	10.35	65.21	50.83	70.52	48.94
22.54	15.01	7.12	10.14	65.09	49.05	69.85	48.73
23.12	14.45	7.2	10.43	65.59	50.3	70.45	49.4
22.35	14.79	7.32	10.61	66.71	50.53	71.02	50.07
22.6	14.47	6.61	10.33	65.68	50.29	70.84	48.84
22.66	14.62	6.66	10.07	66.07	49.99	71.53	49.01
22.69	14.79	7.27	10.12	65.28	50.06	70.8	49.69
22.61	14.94	6.54	10.33	65.86	50.29	71.31	49.39
22.45	14.68	6.67	10.91	65.45	49.96	71.86	49.69
22.53	14.5	6.9	10.08	64.84	49.61	70.61	49.12
22.91	14.77	6.66	10.2	65.48	50	71.13	49.3
22.28	14.09	6.29	10.24	65.55	50.31	71.4	49.54
21.37	14.17	6.55	10.28	65.16	50.31	71.86	49.49
21.58	13.88	6.71	9.96	64.57	49.97	71.12	49.24
20.88	13.25	5.9	9.88	65.14	48.97	71.63	49.3
21.67	14.06	7.23	10.69	65.15	50.13	71.32	50.33
21.38	13.04	6.11	9.87	64.44	49.64	72.44	49.18
22.24	14.08	6.17	10.72	64.81	50.21	73.1	50.46
21.57	13.94	6.34	9.47	64.11	49.32	72.47	49.81
21.54	13.01	6.24	9.52	64.33	49.71	72.48	49.76
21.59	13.31	6.11	9.75	64.77	49.26	72.32	49.67
21.17	12.84	5.91	9.35	64.16	49.14	72.04	49.2
21.41	12.99	6.12	9.92	63.74	49.25	72.98	49.16
20.83	13.11	6.06	9.6	63.29	48.81	72.38	49.82
20.95	12.69	5.51	9.36	63.29	49.18	72.04	48.99
20.74	12.48	5.61	8.86	64.03	50.06	73.24	49.67
21.04	12.59	5.59	9.77	63.61	49.66	72.2	49.85
20.93	12.81	5.23	9.33	62.79	49.32	72.77	49.34
20.23	12.43	5.17	8.85	63.22	49.73	72.33	49.21
20.16	13.01	5.67	8.91	62.32	48.69	72.06	48.88
20.23	12.86	5.76	9.35	62.8	49.19	72.59	49.65
20.68	12.4	5.83	9.29	62.13	48.81	72.12	49.42
20.13	12.4	5.41	9.38	62.18	48.59	71.62	49.26
20.45	13.17	5.81	9.03	61.78	48.96	72.18	49.32
20.47	12.37	5.65	8.85	62.24	49.04	72.32	49.57
20.33	12.69	5.51	9.06	60.99	48.7	71.84	49.07
20.41	13.04	5.67	9.35	61.9	48.98	72.82	49.54
20.59	12.32	5.47	8.91	61.35	48.94	72.22	49.23
20.52	12.19	5.28	8.76	61.03	48.28	72.58	48.72
20.23	12.43	4.88	8.63	60.91	48.84	73.46	48.55
20.87	12.48	5.44	9.11	62.62	49.18	74.29	50.51
20.13	11.91	4.94	8.56	61.81	49.1	73.43	48.47
19.74	12.13	4.64	8.06	61.05	48.94	73.85	48.92
19.37	12.26	5.07	8.48	60.51	48.1	73.23	47.99
19.94	12.58	5.24	8.47	61.24	49.39	72.49	49.18
20.46	12.79	5.1	8.73	61.09	49.1	72.44	49.43
20.16	12.64	5.75	8.75	61.04	48.52	73.26	48.97
19.89	12.7	5.7	8.98	60.66	49.35	73.59	49.13
19.72	11.99	5.25	8.29	60.02	48.55	73	48.02
20.16	12.64	5.9	8.24	59.42	48.86	73.37	48.95
20.11	11.94	4.97	7.99	58.72	48.29	73.6	49.14
19.29	11.93	4.67	8.12	59.07	47.59	73.08	48.59
19.74	12.18	4.8	7.96	59.12	48.06	73.13	48.47
19.44	11.54	4.45	8.34	57.42	47.31	71.2	48.1
18.85	11.53	4.87	8.06	57.08	47.17	71.23	47.53
17.85	11.26	4.38	7.66	55.42	46.72	70.06	46.75
17.95	10.95	4.2	7.39	53.89	45.2	69.45	46.5
17.64	10.74	4.26	7.22	53.83	45.66	70.52	46.62
17.85	11.39	4.52	7.65	54.52	45.85	70.41	46.6
18.45	10.8	4.39	7.72	55.6	46.52	71.57	47.23
18.73	11.67	4.46	7.92	55.75	46.67	72.61	47.37
18.59	11.42	4.57	7.56	56.1	47	72.58	47.47
19.06	11.31	4.73	7.78	56.38	47.67	72.89	47.45
19.27	11.51	4.88	7.67	57.15	47.46	73.21	47.85
19.62	11.67	5.12	7.69	56.38	46.64	74.13	47.31
18.91	11.51	4.39	7.58	55.36	47.1	72.97	47.29
19.03	11.16	4.73	7.25	55.86	47.35	73.27	48.08
19.3	11.47	4.64	7.64	56.03	47	74.35	48.45
18.62	11.34	4.64	7.37	56.17	46.68	75.09	48.03
18.76	11.11	4.57	7.11	55.12	46.94	74.09	47.74
18.56	11.12	4.37	7.91	55.04	46.61	74.52	47.93
18.64	11.15	4.26	6.93	55.67	46.56	74.02	48.47
18.88	11.11	4.3	7.09	53.95	46.27	74.04	47.96
18.8	11.17	4.62	7.23	54.6	46.73	73.09	48.96
19.12	11.34	4.96	7.33	54.34	46.24	75.16	48.13
18.06	11	4.08	6.69	53.85	46.42	74.87	48.24
18.45	10.88	4.07	6.73	52.47	45.81	73.5	48.04
18.75	11.12	4.66	7.35	52.94	47.01	74.07	48.94
17.88	10.58	3.82	5.95	52.01	46.01	73.07	46.83
18.59	11.02	4.31	6.72	51.61	46.42	73.74	48.06
18.23	10.8	3.77	6.39	51.98	46.01	74.42	47.35
18.53	10.97	4.09	6.3	51.74	44.66	73.99	47.25
18.78	10.56	4.15	5.85	51.45	46.09	73.94	48.31
19.04	11.02	4.49	6.58	50.69	46.38	73.85	47.7
18.25	10.77	3.7	5.86	50.05	45.38	73.92	47.71
17.97	10.7	4.1	5.83	49.83	44.93	73.35	47.77
18.48	10.49	4.37	6.7	49.53	44.92	73.12	46.91
18.28	10.3	4.06	5.88	49.32	44.65	72.68	46.68
17.37	10.04	3.47	5.66	48.76	44.74	73.3	46.38
17.74	10.33	3.29	6.02	48.56	44.48	73.27	46.98
18.41	10.63	4.14	6.4	48.52	45.04	72.39	46.83
19.19	10.91	4.39	6.56	48.64	44.47	74.62	46.47
19.18	11.34	4.3	6.2	48.25	45.61	74.66	46.64
18.86	11.17	3.82	6.7	49.08	45.75	74.65	47.26
18.69	11.52	3.35	6.48	47.98	45.4	73.11	46.81
18.84	11.37	3.85	5.93	48.28	45.19	73.19	46.97
19.48	11.58	4.01	6.64	49.11	45.24	74.36	47.89
18.93	11.76	4.47	6.02	48.53	45.49	73.61	46.58
19.94	12.42	4.39	6.94	49.47	46.35	74.68	47.72
18.31	11.96	3.61	5.86	47.57	45.26	74.53	46.8
19.2	12.44	3.64	6.59	47.38	44.92	74.46	48.18
18.56	12.1	3.82	5.98	47.43	44.48	74.53	46.86
19.96	12.8	4.78	6.88	49.18	46.05	75.05	48.38
18.73	11.93	3.97	5.89	47.18	44.68	72.64	47.17
19.26	11.7	4.47	5.73	46.95	45.37	73.82	48.22
19.24	12.3	3.57	6.09	46.87	46.21	74.53	46.82
19.63	13	4.01	6.29	48.51	45.42	74.94	47.26
19.67	13.24	4.22	6.62	47.4	46.53	74.06	46.6
20.62	13.69	4.49	6.45	47.66	45.76	74.36	46.91
19.59	12.88	4.11	5.9	47.48	45.06	73.84	47.04
20.61	12.84	4.81	6.5	47.86	46.4	75.67	47.51
19.45	13.58	3.92	6.33	47.25	46.19	73.94	47.02
20.15	13.1	4.77	6.39	46.91	45.9	73.43	47.8
20.54	14.24	4.42	6.87	47.15	45.25	73.67	46.86
19.62	13.62	3.34	6.18	46.37	45.68	73.06	47.05
19.99	12.66	3.68	6.05	45.66	44.9	73.14	47.18
20.07	13.75	4.63	6.36	45.58	45.67	72.44	46.07
19.74	13.18	4.51	6.14	45.75	44.71	73.26	47.28
19.33	13.33	3.99	5.92	46.51	45.48	72.94	46.39
20	13.73	4.09	5.75	45.16	45.05	72.77	46.15
19.3	13.18	4.27	6.08	45.4	44.86	72.03	46.64
19.13	12.58	4.27	6.4	44.88	44.87	71.94	46.5
19.42	12.57	3.81	6.38	44.5	44.82	72.3	46.4
20.31	13.1	4.59	6.38	46	45.86	73.41	46.58
20.02	14.16	4.21	6.2	46.88	45.97	72.51	46.21
20.42	14.56	3.87	6.49	46.48	45.2	73.08	46.29
21.01	15.57	4.71	7.18	48.34	47.32	74.2	46.6
21.5	15.22	4.04	7.33	49.53	47.92	75.24	46.89
21.37	15.81	4.45	6.54	49.91	48.76	75.61	47.53
21.38	16.28	4.95	7.24	50.45	48.38	75.85	48.65
22.53	15.75	4.6	7.6	51.06	49.25	76.21	48.18
23.02	15.93	5.17	7.25	50.89	50.22	76.09	48.19
23.19	17.21	4.98	7.92	51.54	50.86	76.24	48.84
23.49	17.18	4.42	7.28	51.95	51.08	75.19	48.95
23.38	17.19	4.53	7.89	54.2	51.71	76.15	49.46
23.84	18.29	5.38	8.32	54.04	51.4	75.97	49.39
23.81	18.62	6.38	8.44	55.17	51.86	76.58	50.04
23.57	18.22	4.96	8.09	54.52	51.9	74.91	48.39
23.75	18.18	5.32	8.02	54.76	52	75.94	48.84
23.28	18.9	6.58	8.27	55.46	52.73	76.41	49.16
24.35	17.99	5.88	8.53	57.37	54.27	76.62	49.24
23.89	18.24	4.4	7.69	57.19	53.96	75.71	48.85
24.79	19.15	4.78	8.55	57.8	54.59	76.91	48.38
24.95	18.48	5.85	9.08	59.3	54.53	76.62	50.28
25.2	18.98	5.88	9.16	59.72	56.06	78.49	50.06
25.09	19.12	5.66	9.39	59.73	55.42	77.38	50.11
25.6	20.4	6.4	9.08	61.29	55.48	77.52	49.72
25.22	19.75	7.69	9.35	61.57	55.11	76.54	50.11
25.98	20.74	6.95	10.33	62.2	57.5	78.46	49.8
27.11	20.57	7.6	11.28	63.84	57.38	77.45	50.02
25.84	20.38	5.83	9.83	63.18	58.47	78.3	49.42
26.72	20.94	7.47	9.55	64.57	57.2	76.81	49.77
26.81	21.67	7.3	10.9	64.42	58.08	79.3	50.45
27.42	21.28	8.29	11.4	64.56	58.47	77.54	50.32
28.67	22.98	8.53	10.5	65.09	59.44	77.92	50.22
27.61	22.7	8.63	11.07	65.92	58.8	78.46	50.87
29.44	23.31	9.38	12.29	66.94	58.84	78.7	50.64
27.74	23.21	9.17	11.27	66.49	59.17	76.29	49.8
29.22	22.81	9.42	12.42	66.73	59.73	77.71	50.8
29.41	24.75	9.58	12.47	69.48	59.63	78.33	49.53
30.56	25.24	10.41	13.07	68.58	60.02	78.19	51.27
30.97	24.65	10.36	13.47	67.81	59.96	78.01	49.75
29.88	25.28	11.09	12.99	68.2	60.71	76.99	49.36
31.77	25.55	12.68	13.48	70.03	60.92	79.11	51.24
31.62	25.79	12.25	13.28	69.03	60.73	77.26	49.93
32.16	26.15	12.36	14.09	70.54	60.4	77.81	51.22
33.45	27.43	12.78	14.74	71.12	61.75	77.59	50.33
33.54	27.21	14.6	14.42	71.25	62.54	78.47	51.21
34.59	29.1	14.62	15.77	72.54	63.54	78.34	51.48
33.7	27.96	13.73	14.37	72.13	62.27	78.26	50.72
34.91	28.3	14.64	15.22	72.25	61.82	78.29	50.18
33.14	28.06	14.85	14.87	69.72	60.59	76.15	49.15
34.74	28.51	16.07	15.46	70.75	62.28	76.04	50.06
34.14	28.29	14.98	15.38	71.7	60.91	76.29	49.09
34.82	28.66	16.75	14.89	70.83	61.98	76.08	49.81
33.96	28.11	16.56	15.6	69.81	61.25	75.01	48.96
34.32	27.99	16.83	15.54	68.25	61.09	74.48	49.09
34.14	28.21	16.94	15.38	68.41	60.45	73.5	48.61
34.45	28.25	17.91	16.18	68.07	61.04	74.28	48.78
34.65	28.4	18.49	16.18	69.19	61.8	75.46	48.86
36.46	30.65	19.09	16.68	69.59	62.01	75.49	49.25
36.36	30.55	20.08	17.06	71.57	62.32	75.95	48.83
37.47	30.76	21.39	18.06	72.71	63.19	76.3	49.9
39.77	32.34	22.2	18.2	74.38	63.83	78.17	50.15
39.89	32.24	23.21	18.27	74.1	64.21	76.65	49.39
40.74	34.19	24.79	19.24	75.69	64.22	78.06	50.28
41.28	33.88	23.5	18.57	75.02	65.03	77.51	50.44
41.12	33.8	25.89	19.34	74.62	64.64	77.15	50.53
41.94	34.8	26.54	18.57	75.38	64.54	78.35	50.09
43.39	35.11	28.1	19.38	75.38	65.3	77.65	50.66
43.88	35.61	27.66	20.22	76.1	64.65	78.21	49.99
44.12	36.37	28.35	20.49	77.06	67.08	77.06	51.28
43.52	35.43	28.81	20.16	76.57	64.87	77.25	50.8
43.23	35.68	30.56	20.38	76.57	66.25	77.39	50.13
44.18	37.37	30.76	20.73	77.37	67.46	78.93	51.93
45.66	38.28	31.9	21.36	78.64	65.93	78.14	49.83
46.54	38.15	32.74	21.9	78.39	68.03	79.99	50.52
45.56	37.74	33.73	21.49	77.63	67.76	77.13	50.99
46.54	38.27	33.59	22.31	77.34	67.16	78.63	51.83
45.74	37.82	34.02	21.81	78.7	66.42	79.02	51.72
47.64	39.04	36.04	23.2	77.36	66.86	78.92	51.26
46.48	39.12	36.72	22.82	78.31	66.98	79.28	50
47.33	39.5	38.44	23.22	78.25	66.61	78.15	51.79
48.17	39.76	38.28	23.21	78.56	67.1	78.91	50.74
47.16	39.58	38.87	22.5	78.19	65.84	77.48	50.46
49.37	40.48	39.3	23.4	77.49	66.21	77.68	50.37
47.56	40.81	40.13	22.83	78.63	67.13	77.54	50.57
48.52	40.15	40.99	22.86	77.69	67.27	78.1	51.19
49.05	40.21	41.69	23.62	77.91	66.01	77.28	50.15
49.34	40.83	43.38	24.38	77.87	67.08	78.55	52.75
48.45	41.11	43.74	24.67	78.86	67.88	77.06	52
49.49	41.74	44.45	24.4	79.31	68.05	78.78	51.41
50.94	41.96	46.41	23.77	80.34	69.15	79.77	51.7
50.72	41.26	46	23.96	79.2	68.7	78.74	50.31
50.99	42.25	46.72	23.97	79.88	66.78	78.6	50.55
51.78	42.67	48.34	24.7	81.45	69.77	80.75	52.12
51.44	42.17	49.56	25.26	81.64	70.69	78.87	52.76
52.63	42.2	48.94	24.96	80.64	68.56	78.57	51.21
54.01	43.8	50.62	26.18	81.59	69.78	79.8	53.56
52.88	43.16	50.7	24.17	82.32	69.68	80.07	52.99
54.07	43.74	52.08	26.18	79.67	70	78.15	51.39
52.18	42.84	52.3	25.12	80.89	68.02	79.54	49.14
51.69	43.84	52.31	25.89	79.91	69.65	77.15	51.9
53.36	44.13	53	25.73	78.91	69.16	78.33	50.79
52.35	44.05	54.31	25.71	79.33	68.17	77.3	51.49
53.24	44.54	54.06	25.78	79.76	68.5	79.09	50.19
53.94	45.14	55.05	26.73	79.6	68.27	78.53	50.98
52.49	43.08	55.96	25.73	78.52	67.91	76.81	48.87
52.94	45.1	56.13	27.45	78.2	69.08	77.45	50.66
52.8	43.76	55.56	26.38	76.59	66.95	76.74	50.19
53.5	43.68	57	26.83	76.31	68.2	77.38	49.72
52.58	44.96	56.36	26.05	76.42	67.66	76.8	50.84
54.65	44.63	58.32	26.62	77.93	69.07	75.81	50.47
52.21	43.37	58.78	25.79	75.53	67.17	75.94	48.7
54.59	45.1	60.18	27.86	78.06	69.79	77.61	51.01
54.56	45.95	60.35	27.68	78.75	69.48	77.75	50.41
54.09	45.3	60.12	27.05	77.28	68.45	76.6	49.69
56.3	45.5	62.92	27.4	79.32	68.78	78.07	51.52
54.43	45.78	62.66	26.43	77.46	69.22	75.83	51.1
56.96	46.84	63.91	27.25	81.42	71.55	77.97	49.75
55.38	47.12	67.08	27.84	79.13	69.22	77.59	50.42
56.93	47.2	67.93	27.85	80.03	70.76	77.24	51.44
55.7	47.54	67.19	28.5	78.68	70.24	75.19	49.4
58.99	49.77	68.59	28.35	80.31	70.85	79.6	51.61
57.12	48.28	69.38	28.23	78.54	69.7	78.9	51.31
56.67	49.36	69.29	28.31	80.68	70.9	78.69	52.26
57.43	50.18	69.85	28.83	79.66	71.03	77.92	51.99
56.67	48.16	72.44	27.57	79.47	70.19	77.74	50.1
57.32	48.59	71.54	29.19	79.9	70.06	77.06	51.23
56.52	48.95	71.46	28.98	79.96	69.94	77.2	51.34
55.78	48.36	74.45	27.67	78.85	70.28	76.48	50.01
58.77	47.12	74.96	29.33	80.71	70.67	77.81	51.69
58.55	49.38	75.8	29.75	81.31	71.99	78.51	52.37
59.86	50.44	74.54	29.87	80.14	70.49	80.14	52.47
59.59	48.86	75.49	28.83	80.93	69.42	77.29	50.43
59.11	49.95	74.82	30.25	78.66	69.29	78.14	49.3
58.88	50.19	76.51	29.18	79.34	71.92	78.27	51.55
60.19	50.7	78.1	30.24	80.95	70.53	78.07	50.75
58.37	50.53	79.79	29.38	80.98	70.45	77.34	52.18
60.19	50.22	79.72	29.67	81.94	73.15	78.22	50.88
59.63	51.08	81.65	29.48	80.24	72.13	80.08	51.64
60.62	52.25	79.5	31.6	79.91	73.42	76.91	51.92
61.29	52.07	82.35	29.22	82.4	72.39	78.59	50.75
60.34	50.28	81.76	28.66	79.37	71.31	79.04	50.27
60.78	50.07	81.01	30.17	81.09	71.21	76.98	50.83
60.94	51.94	83.45	30.54	81.01	71.07	78.74	51.66
60.22	51.35	82.97	30.54	79.61	70.77	76.48	50.82
61.43	52.05	83.79	30.85	82.96	73.57	80.31	51.5
61.26	50.24	82.44	29.31	80.05	70.86	77.91	50.29
59.63	51.1	83.9	30.16	80.03	71.3	77.89	51.3
60.83	51.22	85.42	30.58	80.88	72.31	77.52	52.92
61.95	52.26	85.92	31.68	80.58	71.3	77.29	51.75
61.9	52.75	86.12	31.57	81.4	73.47	77.16	54.53
60.9	51.98	85.36	31.32	80.37	70.12	78	51.3
59.99	52.28	84	31.6	79.23	69.38	76.87	49.71
61.07	49.76	84.45	30.23	80.4	70.56	78.87	50.92
61.36	51.63	85.64	30.5	79.8	70.89	76.6	51.68
60.18	50.6	87.45	29.36	78	70.84	77.12	51.39
61.41	52.05	86.94	31.91	80.06	70.21	77.13	51.34
60.84	51.69	89.1	30.06	80.5	69.94	78.42	50.27
61.8	50.89	87.55	31.71	79.92	71.05	78.04	51.53
60.72	50.24	88.24	30.35	79.52	71.41	78	52.37
62.66	52.14	89.33	31.16	82.06	71.3	79.9	52.11
62.88	52.85	91.38	31.96	82.67	71.46	79.33	52.87
62.92	50.89	89.3	30.75	79.11	70.66	77.02	50.54
61.71	52	89.12	32.56	79.18	71.19	78.1	50.12
61.49	51.9	90.66	29.96	78.79	71.39	78.21	52.44
61.46	51.03	90.49	31.09	79.44	72.08	78.35	50.05
62.49	52	90.84	30.65	79.69	71.69	78.25	51.67
63.05	52.73	92.33	33.71	79.95	73.07	79.71	52.69
61.17	51.22	91.96	31.76	79.76	70.88	78.34	51.56
62.99	53.35	93.03	31.17	79.86	71.74	77.38	51.02
62.73	52.51	90.56	31.35	80.2	71.81	78.63	51.25
62.67	53.06	93.23	31.43	81.44	70.98	76.8	52.01
63.39	53.55	93.22	31.26	81.23	72.99	78	53.15
63.26	52.96	94.39	30.72	80.53	72.91	76.4	52.39
63.73	54.47	95.5	32.81	80.79	73.47	78.07	53.04
61.67	51.81	94.59	32.29	78.41	71.08	76.6	51.04
63.83	54.56	97.51	32.18	82.25	74.13	77.82	54.48
63.88	52.07	93.68	32.11	79.01	70.32	78.38	48.99
62.61	51.97	94.12	29.97	77.84	71.01	76.99	49.77
62.65	54.46	97.28	33.29	81.31	73.02	78.76	51.29
62.83	52.68	98.56	31.67	80.31	72.33	76.69	51.67
63.22	53.15	97.28	32.39	81.67	71.68	78.4	51.12
64.15	53.72	98.2	32.28	81.3	73.6	77.08	52.85
64.04	54.41	97.71	32.11	81.35	71.9	78.79	50.47
65.42	53.76	100.49	33.27	83.33	76.05	78.29	52.66
64.3	54.71	98.63	33.11	82.13	71.73	80.83	51.97
64.71	55.2	96.57	33.47	82.54	73.15	80.8	53.75
64.5	54.59	99.9	33.68	80.51	71.35	77.63	52.45
64.72	54.15	95.78	33.81	81.37	72.05	78.51	52.03
65.78	54.25	99.39	33.91	83.36	72.63	79.14	52.24
63.64	53.62	98.48	33.73	78.85	74.32	77.62	52.4
63.42	53.89	98.24	33.78	79.33	74.05	77.47	52.08
63.42	54.38	99.37	33.59	81.34	72.25	78.11	51.43
66.22	55.48	99.95	33.16	81.44	73.24	80.04	50.73
62.75	54.93	97.79	31.21	79.45	72.54	78.11	50.03
61.99	55.54	97.45	32.12	78.82	70.27	75.99	51.87
64.1	55.28	99.57	32.08	80.33	73.61	79.46	51.62
63.02	52.8	98.02	32.11	80.04	72.31	78.24	49.4
64.41	53.45	99.86	34.39	78.22	74.18	77.35	52.55
63.27	54.09	98.5	31.7	78.59	70.54	74.95	51.67
63.6	54.56	99.31	32.04	78.65	72.95	78.07	49.89
65.69	56.25	101.28	33.38	82.6	73.79	80.77	53.58
63.75	55.89	101.18	33.79	80.32	75.7	78.76	53.02
63.95	55.13	99.26	32.59	82.65	73.39	79.1	50.87
64.61	56.36	100.22	31.6	81.39	73.03	78.03	51.77
65.17	54.03	100.88	32.3	80.79	73.59	76.28	51.11
64.09	53.84	100.81	31.93	81.4	71.52	79.33	51.37
64.3	55.22	101.74	32.9	80.57	72.16	77.72	52.67
60.19	53.18	100.5	32.31	79.02	73.63	78.04	50.04
64.83	55.53	102.54	32.5	81.91	72.85	76.55	50.53
64.25	51.96	98.46	32.47	80.55	71.83	78.68	51.68
64.32	54.39	99.98	33.06	79.48	73.49	76.49	51.47
62.92	55.37	99.74	34.33	79.16	71.99	79.14	51.37
63.35	53.82	99.71	33.5	81.61	73.33	77.97	52.75
62.25	54.75	99.28	33.15	77.94	72.44	77.87	50.09
64.85	52.19	99.98	33.22	79.92	71.76	77.75	52.43
63.86	54.23	99.3	31.52	79.47	73.1	77.89	52.98
62.09	53.55	98.73	32.46	77.52	70.84	75.17	51.45
64.72	56.9	102.82	33.15	81.97	72.18	80.02	51.18
65.66	54.64	100.53	33.4	81.33	73.54	79.47	51.72
65.09	54.92	105.35	32.53	80.55	73.47	75.62	50.9
62.45	53.87	102.33	32.05	81.22	71.5	78.12	52.57
65.71	54.65	100.73	34.13	80.62	74.66	79.64	54.53
61.38	53.6	98.27	33.54	78.73	71.54	76.65	51.19
60.99	54.47	100.3	32	80.11	69.73	77.57	51.88
64.09	52.67	98.35	33.97	78.97	72.34	76.72	53.08
63.43	55.17	99.73	35.03	79.16	72.91	76.97	53.86
62.15	52.71	97.83	33.85	77.78	72.66	76.35	50.67
62.24	54.12	99.77	32.41	76.93	72.06	78.65	52.7
61.82	52.38	100.09	31.31	76.56	70.76	77.28	51.43
62.54	53.42	100.24	32.63	79.31	73.08	76.32	51.05
62.32	51.94	97.85	32.25	78.63	72.16	78.04	50.63
61.51	52.4	99.17	33.41	78.87	69.97	76.53	51.47
63.91	54.68	103.05	33.52	79.74	73.55	81.03	55.25
63.65	55.04	101.94	31.93	80.76	72.84	78.32	52.47
62.36	53.78	100.21	32.99	75.99	72.03	75.53	51.87
61.51	53.72	98.92	30.28	78.86	72.26	74.86	51.39
58.44	51.49	99.74	34.31	78.22	71.58	73.54	51.38
63.6	52.58	101.5	31.89	80.31	72.6	78.55	52.77
62.9	53.02	98.91	33.36	79.1	71.43	76.57	53.21
64.03	54.76	102.66	31.16	78.92	72.67	76.58	52.52
61.66	53.28	100.34	33.12	78.23	71.1	77.04	50.77
61.49	55.12	101.84	31.32	80.5	72.12	76.98	51.87
64.75	54.59	104.2	33.19	80.25	71.07	79.24	52.89
62.39	51.1	100.44	35.76	80.44	72.75	75.4	50.07
62.17	52.89	99.68	33.34	78.81	71.38	76.27	52.07
63.77	52.79	102.29	33.14	80.54	73.3	78.76	51.7
63.56	52.94	103.78	34.89	80.92	72.46	78.73	53.71
65.93	53.86	101.3	32.78	80.6	73.27	79.27	54.37
62.11	53.22	100.86	31.22	79.23	71.38	76.79	53.27
64.15	52.61	102.76	32.2	80.62	74.41	77.08	51.95
64.88	52.83	101.75	35.68	79.21	72.17	79.1	52.27
62.34	53.21	101.6	33.98	79.13	73.06	76.79	52.21
61.7	53.54	100.05	32.1	79.11	72.7	79.37	51.06
61.8	52.83	99.4	31.44	78.45	71.96	77.18	52.5
62.92	53.99	101.33	33.8	80.25	73.6	77.79	53.26
61.12	53.62	99.24	32.06	79.79	72.32	78.25	52.45
63.63	53.08	99.04	31.58	78.89	71.78	77.1	51.65
62.97	50.19	100.15	31.78	80.05	73.98	76.99	50.23
63.9	54.52	102.43	33.64	80.4	73.36	80.28	51.96
62.19	52.92	101.95	33.69	81.38	74.65	79.14	54.27
63.79	54.58	103.74	32.11	81.92	75.27	79.66	53.19
65.1	53.41	104.46	33.37	82.3	73.44	81.93	53.56
63.92	53.24	102.17	33.22	82.32	76.06	80.12	53.5
63.6	53.75	103.9	32.57	83.95	76.28	80.63	52.5
63.79	53.9	101.32	33.68	81.72	74.66	80.92	51.53
66.42	54.88	102.58	34.14	81.33	76.11	79.28	53.77
63.69	52.85	102.19	31.71	80.72	73.41	78.31	52.97
63.96	52.34	99.89	32.92	80	72.2	78.68	51.47
61.62	52.43	99.7	32.61	79.19	71.52	76.74	52.32
61.89	52.46	99.76	33.03	77.54	72.73	76.37	53.59
62.34	51.57	97.3	32.42	77.81	73.55	76.31	50.56
61.91	51.98	98.86	32.84	78.36	72.73	75.56	51.13
61.65	51.41	97.61	32.3	78.87	74.54	76.71	50.02
60.53	52.01	96.43	30.35	75.25	71.09	74.16	50.53
61.79	52.26	99.26	32.12	78.35	72.49	76.69	53.62
62.63	51.81	99.9	31.59	77.87	74.93	77.53	51.4
61.41	51.98	98.06	31.19	76.36	73.48	75.63	50.17
61.9	52.02	99.75	31.78	78.53	70.84	78.2	55
63.29	49.37	99.15	31.76	80.22	72.64	77.36	56.45
59.36	52.34	97.18	32.87	77.83	70.83	75.67	48.99
58.78	53.07	98.41	31.42	79.09	71.44	76.63	50.62
61.85	50.06	96.5	32	75.55	72.56	78.87	49.83
59.19	52.51	94.27	30.8	77.75	70.72	76.12	49.12
61.53	51.38	95.04	31.94	79.78	72.46	77.25	50.59
58.21	51.4	94.44	29.55	74.17	69.41	75.77	48.66
59.42	50.48	100.53	32.1	76.83	73.91	76.16	52.62
63.12	51.12	100.83	32	79.47	73.63	79.82	51.25
63.92	52.41	98.36	32.86	78.77	70.33	76.27	54.13
57.41	50.73	96.76	31.34	76.58	71.33	76.59	49.74
59.62	49.94	98.75	30.15	77.17	71.55	77.81	49.92
58.86	49.46	96.3	30.63	76.45	72.07	76.87	49.17
56.61	50.06	97.7	31.53	76.08	69.62	71.66	51.86
62.96	51.78	96.96	33.81	77.11	72.12	77.09	51.99
60.35	53.05	98.52	34.36	77.13	70.06	76.11	51.77
58.94	50.1	91.81	31.57	75.04	68.66	76.73	50.48
54.12	47.29	92.57	30.96	72.99	69.45	75.79	50.01
59.02	51.33	92.41	31.92	76.64	69.7	72.87	48.92
61.06	50.65	95.58	29.95	79.33	73.03	78.44	48.33
58.74	49.42	92.35	31.27	74.91	71.43	75.26	48.4
62.25	48	95.11	32.95	77.41	73.77	73.34	52.39
62.5	52.56	99.8	30.03	76.53	74.92	79.98	52.62
59.24	53.23	95.64	34.46	80.98	67.45	75.59	50.57
55.78	49.14	91.66	27.27	75.43	72.83	70.93	48.8
56.09	49.35	94.57	29.63	75.23	70.5	74.2	49.89
57.37	48.55	93.69	31.15	75.55	70.19	75.15	51.1
54.64	49.95	95.04	27.15	74.75	67.8	76.2	46.46
52.81	45.87	92.39	28.58	77.12	65.77	73.32	46.9
55.63	46.02	95.8	31.4	76.1	71.63	74.03	47.06
55.07	48.54	91.89	28.45	74.96	68.71	74.19	46.21
59.25	49.06	93.59	33.23	77.24	73.45	75.82	49.03
60.3	52.45	94.64	32.16	76.6	72.34	75.5	51.12
56.69	50.22	97	28.56	77.78	71.82	75.81	47.95
61.78	49.78	95.08	29.53	73.79	71.19	75.54	54.02
57.49	51.79	97.2	31.71	77.6	66.67	73.3	49.31
60.92	47.74	94.24	29.22	72.6	72.29	76.84	48.72
56.05	51.45	90.33	31.62	74.44	69.83	73.3	49.75
59.31	47.48	96.27	28.02	75.65	69.87	75.54	47.43
60.32	49.34	96.28	28.97	73.81	69.6	75.75	48.61
60.3	50.48	93.54	29.85	76.5	73.65	76.05	50.02
57.12	51.3	96.26	32.06	76.51	68.11	76.24	49.29
55.37	50.94	92.88	31.54	72.67	64.88	77.26	46.73
60.21	52.47	96.36	35.3	76.87	74.75	77.4	52.51
60.8	48.92	94.78	31.16	79	71.8	74.65	50.53
61.38	50.03	95.16	32.72	73.46	71.24	69.26	52.54
58.85	50.73	94.26	31.44	77.05	73.66	75.65	52.81
60.7	50.54	93.34	32.16	78.02	73.12	77.27	50.41
57.9	54.21	93.28	33.02	79.34	76	75.02	52.13
58.45	49.44	93.53	33.11	73.25	70.15	73.73	46.48
57.01	45.39	88.68	29.42	76.27	69.82	70.42	45.36
54.48	47.5	92.54	32.36	75.55	72.4	72.97	49.21
58.87	52.19	95.65	30.58	77.57	71.37	74.77	48.15
60.24	45.93	96.19	27.16	74.64	70.26	77.48	51.99
60.96	46.14	94.99	33.57	78.75	72.37	73.03	51.11
56.98	50.06	94.8	27.59	73.99	70.22	73.79	48.18
59.56	48.03	94.78	30.68	75.77	70.95	75.63	50.85
57.45	51.63	92.26	26.01	76.26	73.6	74.26	49.91
60.67	53.13	96.93	26.09	73.02	70.24	72.37	49.77
54.17	46.9	88.35	27.59	71.15	65.86	71.85	47.02
58.4	48.88	94.19	32.26	78.92	70.56	73.31	51.39
59.49	49.67	97.66	33.22	75.94	71.67	77.8	51.8
61.44	46.74	97.12	32.8	76.86	71.51	74.92	47.39
57.96	49.88	92.72	32.13	73.37	71.28	73.6	54.02
61.08	51.37	94.87	32.11	74.72	73.53	76.1	50.26
57.18	46.88	92.87	30.05	75.36	69.95	73.45	47.26
59.46	50.77	100.31	32.83	76.36	74.72	76.16	51.23
56.06	49.21	89.11	29.83	74.52	71.66	75.33	51.11
61.7	54.04	97.91	32.05	77.02	73.65	75.46	48.75
59.88	48.59	99.09	36.44	77.75	72.12	79.86	54.69
60.76	45.48	92.99	33.79	73.14	68.67	72.76	50.04
57.5	48.81	86.46	29.78	69.19	71.73	72.88	49.78
56.99	46.85	96.46	32.75	76.34	69.41	74.58	51.55
56.59	47.34	95.7	28.92	75.79	72.18	78.07	48.97
57.74	48.11	88.79	30.42	72.85	71.82	73.46	46.01
56.01	46.77	98.4	29.97	80.03	68.98	75.7	49.81
57.82	42.27	89.07	24.58	72.74	63.06	71.49	46.76
58.54	51.74	94.54	32.18	77.93	71.87	75.73	53.16
55.96	49.45	95.6	34.5	80.72	71.89	74.2	52.23
57.05	48.17	92.77	31.81	73.31	68.65	72.24	48.05
54.86	47.04	91.56	26.97	71.96	67.72	70.98	49.47
54.43	49.39	96.83	29.81	74.21	73.38	75.62	50.3
54.85	44.35	90.79	24.47	72.46	69.84	71.69	47.39
57.25	43.48	92.7	23.63	67.54	67.33	72.58	46.69
56.51	42.57	95.92	32.63	75.84	73.01	77.45	51.33
58.44	48.56	88.16	32.14	74.27	70.59	72.27	52.06
54.98	44.33	89.67	29.44	74.85	69.26	70.64	48.6
58.58	45.05	90.62	26.92	73.1	70.39	74.76	53.08
56.74	51.24	93.42	31.99	76.87	72.33	79.26	49.21
64.15	52.16	97.25	32.3	78.02	74.1	78.29	50.68
58.15	50.23	87.34	29.44	73.1	70.02	69.61	52.07
59.86	53.64	90.59	29.77	74.82	70.06	73.43	51.02
61.44	48.9	92.26	32.22	74.79	72.37	75.35	50.25
63.79	51.55	89.97	32.96	74.42	73.09	76.29	55.23
58.33	45.07	87.78	28.16	75.83	72.04	72.15	49.38
58.19	51.51	92.79	30.41	75.04	72.98	74.94	50.33
57.88	49.24	90.87	29.01	73.49	70.53	70.99	54.28
58.25	51.67	89.93	29.66	73.73	70.18	73.81	48.04
58.03	43.99	86.56	29.72	69.76	64.88	68.93	46.8
61.09	55.77	94.39	33.91	80.92	68.4	77.67	52.04
55.24	44.38	83.39	31.38	69.03	69.34	67.79	46.23
55.89	45.57	87.48	26.97	73.5	69.35	72.17	45.87
57.63	50.06	94.13	31.45	78.15	73.72	82.64	53.59
52.33	46.42	94.49	30.76	74.67	68.48	75.78	48.77
58.98	44.05	92.03	29.32	75.11	70.63	75.09	51.6
53.06	44.31	87.1	28.07	73	69.21	71.93	46.05
53.72	47.07	91.82	25.79	72.68	67.93	73.37	44.66
50.29	45.57	84.9	31.52	66.89	65.73	67.99	43.4
61.07	50.38	100.37	36.52	82.63	80.57	76.51	53.7
60.48	48.67	94.4	31.13	75.89	71.26	78.39	56.8
54.6	51.27	86.85	30.87	72.69	68.89	74.61	50.48
51.93	43.55	84.88	28.68	67.68	65.81	69.24	44.2
54.46	44.21	85.68	26.3	70.7	70.1	68.17	45.36
55.77	44.2	89.26	29.89	69.98	71.79	70.96	47.24
58.48	45.92	91.65	30.44	67.91	67.3	71.35	48.93
61.37	55.22	94.29	31.21	77.66	72.26	72.93	49.9
56.7	46.11	91.52	28.9	76.1	69.6	75.11	46.51
56.58	49.02	88.96	23.08	72.49	67.74	74.85	51.13
57.87	46.74	96.73	30.75	74.58	73.17	76.92	51.97
63.15	50.35	100.02	35.97	75.92	77.7	84.16	51.85
58.53	43.07	91.59	27.26	71.23	70.78	73.01	41.89
57.22	47.45	90.2	24.87	70.97	71.32	72.98	48.88
57.54	44.04	89.23	28.21	77.3	72.1	74.74	49.87
57.73	51	92.25	33.64	77.96	66.33	77.27	52.55
59.75	50.34	90.52	33.25	73.99	70.65	76.9	49.27
55.49	48.2	93.66	36.64	72.34	74.56	76.44	48.82
55.89	46.24	85.91	25.89	73.63	71.65	70.68	49.47
55.93	49.29	95.21	29.62	76.63	68.84	75.91	52.28
60.97	49.67	93.62	30.29	73.84	69.89	74.06	45.79
56.71	46.64	94.53	31.55	78.96	67.12	72.19	50.26
52.66	43.65	89.14	27.28	69.02	68.3	70.81	51.91
54.59	46.05	85.98	28.3	72.07	67.67	76.08	46.71
54.41	45.49	88.83	26.87	67.67	65.78	65.3	48.49
56.99	52.32	92.8	30.83	76.02	77.89	78.16	52.69
52.03	47.14	79.88	28.38	67.83	70.35	65.85	42.05
52.63	41.92	84.45	24.66	65.94	64.97	67.01	40.24
58.5	51.75	88.43	30.95	73.25	75.62	71.53	41.78
57.37	46.63	93.89	30.04	75.35	70	72.19	50.32
53.06	45.55	88.58	25.92	74.37	66.19	66.34	47.45
55.63	45.08	92.2	27.76	75.22	64.3	72.33	52.31
58.44	43.59	94.23	31.19	71.28	74.93	73.68	48.81
53.3	47.28	95.09	24.31	73.46	71.42	70.69	49.7
52.29	46.12	88.57	31.86	74.9	70.31	73.33	47.99
55.54	48.66	90.57	33.45	69.02	71.12	68.77	48.85
57.41	43.01	85	30.26	62.75	65.11	67.51	43.83
59.44	49.33	91.46	29.52	70.23	70.32	75.89	53.09
58.84	45.81	92.43	31.22	66.94	73.48	76.73	50.07
55.6	42.29	91.31	26.1	71.96	72.43	73.18	55.15
60.54	53.36	88	30.14	72.13	78.98	71.55	48.27
50.93	48.56	80.74	29.27	70	69.77	70.26	53.19
54.56	44.57	85.06	28.15	73.84	70.25	68.83	43.49
49.09	45.48	83.61	23.54	67.22	63.2	71.59	45.31
55.37	35.37	79.8	29.21	66.79	71.31	70.8	48.07
57.16	42.26	89.66	27.51	70.25	63.69	72.84	45.25
53.71	45.08	97.25	28.5	76.58	69.2	73.53	48.48
53.53	44.73	85.98	33.52	73.09	69.01	66.06	45.93
65.43	45.47	98.73	29.92	69.64	71.16	77.5	43.53
50.57	47.38	90.58	28.53	72.71	73.33	70.78	51.41
57.5	43.44	88.52	32.32	74.89	73.72	73.93	51.12
60.8	42.78	96.41	25.85	74.97	72.94	74.74	54.54
55.42	45.48	93.59	26.38	74.01	71.84	75.65	51.33
57.53	52.37	101.61	28.44	78.36	73.34	70.06	49.43
55.25	50.18	99.57	31.29	70.98	71.96	78.93	46.51
57.49	46.65	85.76	30.2	65.24	71.75	68.98	49.41
56.21	50.45	94.54	30.05	73.76	76.31	72.57	53.91
56.47	48.85	93.06	33.22	75.34	72.12	77.31	55.58
55.31	48.13	92.64	30.47	74.04	70.49	75.1	47.2
57.17	50.77	98.98	32.46	75.12	73.92	77.88	51.23
59.26	50	94.64	29.51	74.99	73.92	77.03	51.34
58.86	49.19	95.05	29.24	76.21	71.39	73.18	51.99
60.59	51.79	94.46	31.48	74.64	73.8	75.88	54.85
62.77	52.19	101.52	32.43	80	76.71	79.11	55.82
62.86	52.7	103.75	32.96	80.87	75.58	78.36	54.48
62.98	53.79	104.76	33.45	82.08	76.64	80.39	56.01
64.3	54.3	105.38	34.38	82.43	78.38	82.99	56.85
63.88	55.06	105.44	33.42	81.91	78.94	82.31	56.76
64.32	53.85	106.83	34.83	84.46	79.96	80.46	55.8
66	55.02	106.81	34.64	84.1	78.78	82.21	57.18
67.45	55.05	107.22	35.62	84.53	79.21	83.42	56.14
67.89	55.78	107.86	36	84.5	80.16	82.25	54.73
68.2	52.95	109.91	34.51	83.37	81.15	83.1	54.17
69.07	53.87	106.82	35	86.92	81.19	83.22	54.96
67.58	52.4	107.02	37.19	84.27	77.09	82.46	55.24
71.35	53.36	108.85	36.28	86.47	81.93	83.78	54.67
66.07	54.05	108.37	32.63	83.22	77.75	82.24	52.74
67.97	53.84	108.28	35.84	83.11	82.69	81.99	53.64
65.37	51.77	102.5	34.82	80.94	77.75	80.9	54.92
61.88	54.46	103.76	34.23	80.17	78.25	82.86	52.99
62.28	50.55	101.77	32.22	78.86	77.06	77.51	51.14
63.86	50.76	101.32	34.28	82.03	77.76	82.05	51.43
62.04	53.72	103	33.03	79.06	77.6	82.69	51.32
65.13	53.88	102.05	34.24	80.55	78.47	82.25	57
64.45	54.36	104.36	33.93	81.96	78.53	81.76	53.03
67.2	52.91	100.87	31.96	80.26	75.7	81.29	52.31
63.7	56.13	100.72	35.39	81.54	77.22	83.61	50.81
65.56	52.17	106.01	31.27	82.54	73.88	78.77	50.69
63.82	53.34	102.71	35.46	86.51	76.21	84.1	53.13
63.7	50.77	101.38	35.26	81.9	76.5	79.76	46.86
64.17	53.18	103.74	36.18	83.6	80.29	78.75	52.71
64.44	51.63	106.72	32.13	83.19	79.46	83.75	51.35
61.52	48.9	99.93	35.34	78.63	77.55	76.42	49.52
56.63	43.11	100.99	30.07	81.1	74.9	77.37	50.21
60.67	44.04	108.96	29.86	80.87	73.69	77.6	44.64
64.64	47.31	96.95	32.76	83.21	73.99	76.2	47.11
68.97	47.07	100.89	33.97	77.92	82.69	78.1	51.59
57.04	41.82	86	24.03	76.54	73.52	68.99	50.64
54.2	47.77	90.43	25.64	71.63	69.54	72.19	51.2
54.72	44.64	89.48	27.35	68.65	75.73	68.55	47.71
59.49	49.14	95.08	31.25	75.97	69	73.66	49.92
57.89	50.82	88.86	30.6	73.05	73.33	75.1	54.71
64.16	50.36	95.12	30.91	76.7	74	75.85	56.53
57.21	49.39	95.07	30.49	75.33	69.16	75.32	53.29
58.15	54.33	96.34	30.28	79.48	75.25	77.33	56.23
59.54	52.37	98.89	33.27	76.94	76.1	75.84	55.08
61.22	54.34	97.65	33.22	74.92	73.23	78.48	53.39
59.78	52.78	101.74	32.67	77.65	80.04	78.55	56.01
60.91	52.58	99.75	33.52	80.95	76.08	77.36	53.93
63.71	48.59	105.59	33.52	78.87	79.79	79.07	49.7
66.26	53.3	104.67	33.54	82.43	79.84	85.57	55.89
62.51	49.15	104.11	34.74	82.51	74.05	77.39	55.51
68.97	53.2	103.88	36.81	79.36	80.52	84.48	53.56
60.39	49.81	102	31.47	77.16	77.17	79.99	48.29
55.5	49.21	95.36	31.67	80.25	75.37	81.66	48.67
66.05	53.23	96.1	35.99	81.94	80.74	82.37	51.72
63.88	47.31	100.17	40.22	78.18	82.04	75.68	52.1
61.24	48.4	103.74	37.15	71.99	78.11	79.78	44.88
47.42	43.45	97.5	29.64	79.49	72.17	82.95	49.37
58.92	51.98	99.56	34.41	74.65	76.6	68.35	47.12
58.14	48.01	88.8	32.55	79.63	70.28	75.27	52.18
62.09	56.07	89.79	38.32	77.67	79.02	72.69	63.34
64.67	53.95	95.73	34.15	77.51	78.35	72.6	45.26
54.35	41.17	90.42	17.95	68.13	67.31	75.46	48.86
53.48	45.69	93.76	26.65	81.95	65.2	74.92	48.01
56	48.34	88	29.41	77.2	77.72	70.89	48.16
54.37	49.92	97.92	31.98	71.98	75.03	69.89	44.5
52.72	46.28	86.78	27.56	73.49	72.44	64.61	43.09
64.11	45.15	98.46	29.29	81.18	75.09	70.28	51.02
51.69	42.2	92.96	29.89	73.11	75.13	75.86	53.38
64.4	48.28	97.52	44.68	79.51	74.22	78.96	53.58
57.75	42.39	90.2	28.79	76.95	62.47	65.1	54.52
46.15	34.4	98.07	25.35	71.17	68.56	64.91	43.43
65.83	51.25	91.86	31.6	78.76	70.72	72.47	43.45
61.28	50.7	93.1	31.5	80.18	79.62	74.47	45.59
65.39	37.89	95.69	29.09	82.03	77.3	86.81	49.79
53.44	52.69	102.51	45.37	76.95	77.53	83.98	58.25
57.43	41.4	94.66	30.45	83.68	68.21	69.65	40.8
49.6	39.11	88.41	29.24	74.8	70.93	69.01	46.35
53	45.67	85.06	43.91	72.41	60.85	64.11	47.32
49.51	49.23	80.98	12.43	92.21	66.16	65.25	39.9
66.63	56.92	88.69	38.46	89.24	75	82.7	56.21
46.52	38.13	84.69	24.65	81.18	72.02	81.22	51.82
52.74	40.08	73.39	31.71	82.05	66.78	68.22	44.07
68.17	54.05	84.37	32.3	73.62	66.2	71.8	47.41
69.42	38.19	89.59	30.47	88.04	70.69	76.69	33.46
47.15	36.65	68.51	18.98	80.12	72.92	60.39	48.42
59.71	43.84	87.76	21.35	64.73	67.57	64.06	47.96
45.14	49.4	67.77	25.13	68.01	72.43	83.31	40.58
56.5	52.88	92.07	27.74	71.72	62.91	68.4	47.92
48.11	32.99	73.44	21.43	79.99	64.5	78.16	41.01
51.34	50.14	82.57	21.55	59.91	46.73	58.79	37.67
65.16	45.08	83.46	30.72	76.14	68.1	72.54	44.87
52.98	43.29	93.69	17.25	89.87	77.51	78.91	51.03
55.27	26.9	82.98	27.52	82.28	52.08	58.35	37.6
40.86	40.72	63.59	29.76	83.29	59.71	62.56	44.86
38.22	34.27	78.13	36.59	55.47	86.66	71.1	29.45
51.2	33.27	79.75	34.48	54.31	78.89	58.73	23.44
43.69	42.38	76.8	28.65	60.27	50.35	82.07	54.18
65.59	43.53	69.09	26.65	75.37	57.57	77.69	36.57
50.08	42.43	79.61	26.6	50.89	63.65	62.13	33.99
38.72	47.14	83.01	24.84	57.87	62.57	57.02	37.77
56.21	41.91	76.3	32.18	69.07	68.56	65.73	50.77
37.58	27.12	75.37	32.42	59.15	58.51	62.07	51.69
64.29	52.95	91.4	26.93	78.87	73.67	54.93	60.66
36.97	37.49	72.45	32.7	65.35	56.85	53.69	27.25
28.81	37.85	90.22	22.22	65.04	62.71	59.41	41.58
49.18	42.8	80.98	23.82	62.95	62.83	67.6	46.66
52.25	36.18	78.76	35.28	70.38	62.58	56.18	47.26
57.98	33.63	93.42	26.63	71.6	75.6	69.44	47.74
31.86	55.69	80.21	54.19	61.49	65.95	74.16	44.93
48.66	35.08	66.9	20.69	63.61	61.23	56.83	40.57
45.86	39.92	65.25	32.79	63.08	63.99	64.57	38.91
53.93	36.43	90.27	47.35	81.95	60.43	76.3	56.69
47.2	49.79	90.97	15.52	72.45	78.42	88.68	52.81
38.03	25.07	95.29	14.57	68.57	74.28	66.92	21.61
53.99	48.76	86.88	32.97	69.02	52.41	59.04	51.9
41.59	25.53	79.49	26.78	64.69	74.88	70.71	50.41
50.11	41.23	78.42	52.11	92.75	73.06	86.96	48.48
42.86	34.98	76.58	45.17	67.03	64.21	73.84	32
59.17	50.48	60.82	41.7	65.82	73.37	75.86	46.02
51.34	38.14	72.23	44.64	50.37	66.98	62.74	46.65
36.13	47.13	97.24	32.51	64.95	59.45	76.76	50.63
55.28	49.32	67.37	35.8	75.01	67.67	52.29	47.18
37.12	33.81	50.9	23.9	72.39	63.12	61.81	58.16
53.22	34.76	105.05	31.18	83.22	73.57	81.32	24.27
55.9	44.54	79.25	28.11	63.05	75.62	34	17.76
44.28	48.76	104.6	22.35	66.64	67.05	64.87	40.85
53.01	30.58	75.82	18.44	71.98	67.02	73.65	34.87
37.01	22.05	77.88	23.32	68.5	70.81	60.67	35.07
34	24.1	65.14	19.37	42.96	41.27	36.31	31.92
31.66	25.77	55.99	7.03	49.27	45.23	53.93	52.48
67.07	40.12	82.43	25.62	80.56	77.42	83.24	59.69
55.45	35.42	85.22	30.15	54.82	79.32	73.94	62.27
27.11	15.01	53.53	10.39	52.79	43.62	36.88	21.08
59.66	37.96	98.33	10.06	65.56	79.05	63.54	33.62
41.01	21.24	67.25	21.86	60.83	76.12	49.43	19.57
40.39	36.18	60.73	23.18	56	64.6	58.83	42.97
62.54	46.83	83.63	26.94	58.17	39.91	48.88	44.05
54.83	48.9	110.12	45.95	90.75	65.48	57.48	52.74
36.06	30.75	68.35	26.64	57.96	83.84	56.38	33.51
34.39	31.17	83.79	37.98	67.18	55.72	72.03	54.89
56.83	29.18	68.7	36.02	56.37	42.97	63.87	39.82
41.92	52.06	69.07	23.46	69.81	57.36	69.59	52.72
47.17	37.22	74.78	12.81	75.99	68.21	76.81	35.9
37.35	29.58	89.73	14.85	70.75	77.14	80.18	38.25
45.47	34.16	60.56	43.71	70.76	64.04	64.77	51.02
41.64	4.87	59.87	9.06	68.03	24.47	54.46	23.2
38.36	46.25	97.15	22.67	40.75	78.9	76.51	28.9
27.52	18.2	61.05	16.79	47.09	57.45	60.88	32.84
28.94	2.81	56	30.21	60.63	49.5	55.44	26.45
61.23	51.28	74.97	51.66	87.54	88.38	64.48	42.41
26.85	37.11	86.76	18.38	68.58	65.91	63.25	31.85
47.94	39.76	89.48	39.43	75.37	71.03	80.88	41.3
53.54	38.36	84.39	25.22	69.06	61.95	44.72	39.2
65.09	40.47	70.34	13.79	74.81	62.81	64.31	54.92
65.01	29.22	64.21	20.73	54.68	68.4	56	40.64
44.67	22.13	59.93	34.46	56.41	65.2	46.66	39.88
13.07	24.91	58.51	2.35	52.24	65.92	47.22	37.42
52.85	26.78	85.29	32.83	85.37	87.74	73.13	35.17
43.51	26.58	57.39	29.15	56.7	64.94	68.16	23.07
75.6	33	75.33	42.18	73.35	57.67	80.23	51.23
50.05	47.01	84.09	32.8	63.05	74.8	70.54	55.24
43.74	35.32	50.97	9.94	67.76	63.53	45.82	26.8
41.68	18.25	69.42	5.8	66.31	76.32	59.6	12.77
48.61	37.48	94.96	43.55	66.04	57.74	78.76	51.08
31.24	20.83	65.74	32.21	43.27	48.27	57.34	33.65
11.13	26.93	50.85	22.44	51.43	59.88	38.93	34.84
37.28	4.88	77.85	6.28	47.5	47.21	61.43	24.73
25.69	26.3	54.6	14.06	55.37	50.31	51.02	49.19
38.62	25.6	55.55	17.15	67.85	52.88	48.54	27.48
61.88	20.76	62.26	17.68	65.72	57.38	23.44	38.45
55.23	63.41	89.41	39.93	67.17	66.07	62.86	52.06
61.66	34.38	78.32	21.96	85.62	84.65	64.9	67.75
69.49	44.51	67.85	34.67	69.26	67.04	41.79	50.71
36.83	-0.95	57.69	14.05	43.84	33.54	31.85	16.4
34.74	50.38	96.49	25.76	65.95	71.03	49.29	15.89
42.37	14.79	82.52	34.27	47.6	66.57	60.1	52.52
63.01	34.94	82.19	6.48	69.02	118.47	102.9	51.22
41.54	35.32	90.26	39.26	81.68	57.52	50.22	38.09
58.93	36.77	44.46	-13.32	48.09	39.62	54.02	21.76
42.4	12.85	60.69	25.7	51	67.8	69.13	34.33
54.77	43.02	72.58	19.65	65.3	43.73	84.07	51.32
63.06	62.17	123.91	41.35	117.01	75.06	104.69	69.95
47.81	29.81	90.62	29.96	73.81	62.64	92.66	48.92
56.23	31.7	93.3	-9.73	55.31	78.7	71.69	51.49
44.99	19.64	87.17	1.47	69.14	96.6	60.58	49.62
54.23	17.83	76.94	15.88	54.36	55.03	60.69	50.6
44.44	17.82	79.74	39.44	108.72	74.37	54.03	18.43
46.85	26.51	65.95	14.45	49.56	50.66	66.84	33.5
48.34	29.29	67.17	20.65	73.01	74	73.46	44.59
53.23	16.02	93.16	20.84	77.66	66.94	72.67	34.55
54.47	48.65	72.16	18.9	81.74	42.36	91.07	56.55
36.49	32.85	54.05	25.7	62.19	53.69	52.95	24
36.49	32.85	54.05	25.7	62.19	53.69	52.95	24
36.49	32.85	54.05	25.7	62.19	53.69	52.95	24
