"Lamium_maculatum_J__La_1"	"Lamium_maculatum_J__La_2"
233.85	169.36
233.85	169.36
233.85	169.36
7388	10220
136.26	-64.86
103.31	-117.24
368.29	84.22
-58.66	167.53
-385.42	-215.95
-2195.77	-1547.89
77.78	8.2
80.1	36.38
916.91	-63.85
-2.81	82.23
101.7	95.36
97.41	120.53
445.19	-316.3
378.18	-22.65
138.81	320.21
82.92	-64.27
334.39	336.2
97.11	-105.1
-23.87	-164.91
87.6	78.24
89.28	69.5
85.93	70.79
85.83	72.76
86.35	74.1
85.03	70.94
88.54	69.27
84.98	69.91
83.78	67.18
80.58	63.42
86.02	70.97
83.67	65.76
85.89	70.48
83.84	67.43
80.97	69.09
80.32	67.05
80.18	66.12
78.55	66.95
81.49	66.94
79.83	64.23
84.46	66.11
84.24	63.91
80.17	70.45
77.56	63.99
82.07	71.28
77.51	61.48
79.77	62.41
79.8	64.06
77.38	63.86
76.48	62.64
86.18	65.4
82.61	65.12
73.65	62.01
76.82	62.49
77.12	65.71
79.56	64.08
75.28	55.18
82.87	61.21
81.1	61.97
76.59	62.11
75.75	60.52
78.09	63.04
77.42	62.35
74.96	61.98
75.24	63.63
78.13	58.87
76.91	64.47
77.88	59.18
78.34	61.56
77.29	60.28
75.82	59.04
76.02	60.65
75.95	63.94
77.33	57.94
73.36	57.32
74.99	59.44
77.55	60.34
80.27	64.27
75.92	62.04
73.28	60.06
72.5	59.11
74.43	61.03
75.09	59.71
68.86	53.78
75.88	60.08
73.06	57.82
73.33	56.93
74.53	56.69
73.59	59.6
68.45	57.31
72.79	58.77
73.73	56.4
74.12	58.31
71.9	59.44
72.6	59.84
72.59	54.75
73.61	58.27
70.02	56.53
74.73	58.19
68.12	52.97
71.38	53.57
68	54.2
67.38	49.24
69.63	53.39
68.37	52.56
68.6	53.1
63.18	52.24
64.56	47.83
65.83	49.94
62.74	50.59
62.46	49.71
57.26	47.46
58.79	44.77
57.4	44.01
55.45	45.04
55.52	44.26
51.18	40.23
51.27	38.75
47.82	36.45
44.64	33.97
42.15	30.74
36.55	29
36.18	25.85
31.73	22.78
26.7	18.85
21.5	14.46
16.68	9.8
13.83	8.13
12.06	6.81
11.51	6.83
11.49	6.96
13.66	8.04
16.14	9.97
14.98	9.55
15.48	10.03
15.21	9.74
16.73	10.66
18.43	11.78
18.84	11.7
16.71	10.1
16.15	9.65
13.77	7.82
13.18	7.37
12.79	7.23
13.26	7.45
13.46	7.53
13.78	7.96
13.08	7.27
13.27	7.39
13.68	7.95
12.87	7.09
13.46	7.75
13.31	7.1
12.64	6.4
12.64	6.52
12.21	5.66
10.97	5.33
10.49	4.17
9.88	3.86
9.26	3.39
8.74	2.83
8.23	2.34
7.48	1.96
6.85	1.64
6.42	1.59
6.25	1.66
6.53	1.97
6.92	2.26
7.92	2.83
8.63	3.04
9.13	3.29
8.98	2.77
8.53	2.2
7.82	1.62
7.2	1.24
6.57	1.07
6.21	0.92
5.7	0.95
5.57	1.01
5.83	1.22
6.02	1.39
6.16	1.66
6.61	1.9
7.47	2.52
8.33	2.78
8.75	2.94
8.6	2.59
8.37	2.37
7.65	1.91
7.01	1.73
6.53	1.61
6.34	1.78
7.05	2.21
8.06	2.89
8.69	3.16
9.19	3.58
9.22	3.51
9.11	3.52
9.1	3.37
9.18	3.24
9.01	3.12
8.77	2.87
8.49	2.69
8.08	2.51
7.95	2.33
7.97	2.13
7.84	1.71
7.46	1.35
7.17	1.18
7.18	1.01
6.96	0.98
6.38	0.96
5.56	0.96
5.75	1.3
6.51	1.69
7.13	1.83
7.25	1.92
7.12	1.83
7	2.02
7.23	2.13
7.66	2.36
7.74	2.44
8	2.58
8.1	2.47
8.07	2.38
7.94	2.24
7.61	1.93
7.23	1.83
6.94	1.67
6.84	1.63
6.85	1.72
6.86	1.74
6.92	1.73
7.04	1.88
7.16	1.85
7.28	1.92
7.37	1.9
7.3	1.9
7.26	1.79
7.02	1.6
6.67	1.45
6.48	1.36
6.47	1.36
6.63	1.42
6.57	1.36
6.43	1.47
6.48	1.49
6.57	1.64
7.02	1.88
7.17	1.84
7.12	1.9
7.12	1.89
7.08	1.78
7.12	1.87
6.91	1.8
7.07	1.81
7.06	1.91
7.08	1.84
7.23	1.97
7.32	2.09
7.42	2
7.35	2.05
7.3	1.98
7.27	1.85
7.09	1.76
7.15	1.71
7.05	1.69
6.86	1.62
6.7	1.52
6.65	1.58
6.63	1.56
6.59	1.6
6.74	1.67
6.95	1.62
6.97	1.65
6.87	1.42
6.65	1.39
6.53	1.27
6.57	1.25
6.3	1.23
6.14	1.17
6.14	1.26
6.24	1.37
6.4	1.51
6.84	1.6
6.87	1.63
6.94	1.6
6.84	1.62
6.78	1.54
6.8	1.44
6.6	1.37
6.47	1.39
6.31	1.37
6.28	1.39
6.49	1.54
6.77	1.68
6.9	1.75
7.05	1.8
7.11	1.89
7.03	1.69
7	1.75
6.91	1.62
6.7	1.55
6.68	1.5
6.8	1.52
6.91	1.49
6.78	1.34
6.6	1.28
6.44	1.22
6.27	1.15
6.16	1.1
6.08	1.16
6.21	1.28
6.35	1.4
6.57	1.53
6.69	1.61
6.79	1.61
6.79	1.53
7	1.64
6.95	1.6
7.02	1.66
7.04	1.75
6.81	1.62
6.92	1.7
7.02	1.79
7.19	1.77
7.09	1.64
6.99	1.62
6.92	1.61
6.86	1.69
7.01	1.6
7.08	1.72
7.24	1.88
7.23	1.91
7.42	1.92
7.5	2.06
7.57	1.95
7.59	1.97
7.41	1.88
7.3	1.83
7.16	1.77
6.97	1.6
7	1.58
6.83	1.5
6.74	1.41
6.8	1.47
6.71	1.4
6.71	1.38
6.5	1.32
6.44	1.43
6.56	1.53
6.88	1.62
7.14	1.78
7.43	1.81
7.32	1.76
7.14	1.72
6.98	1.68
7.12	1.8
7.13	1.86
7.32	1.91
7.51	1.95
7.6	2.07
7.5	2.02
7.61	1.97
7.64	2.02
7.89	2.12
7.66	2.12
7.76	2.07
7.64	2
7.47	2.07
7.47	1.96
7.49	2.08
7.6	2.18
7.76	2.12
7.73	2.1
7.7	1.97
7.62	2.03
7.57	1.96
7.53	1.89
7.44	1.83
7.31	1.77
7.12	1.74
7.03	1.64
6.95	1.61
7.2	1.73
7.14	1.73
7.17	1.76
7.13	1.73
7	1.62
7.09	1.69
6.97	1.79
7.2	1.79
7.36	1.89
7.42	1.86
7.39	1.94
7.56	1.94
7.49	2.02
7.37	1.8
7.51	1.92
7.44	1.89
7.44	1.93
7.53	1.88
7.39	1.79
7.38	1.75
7.17	1.81
7.27	1.83
7.1	1.75
7.03	1.64
7.14	1.75
7.2	1.67
7.15	1.62
7.18	1.69
7.01	1.58
7.21	1.62
7.05	1.66
7.04	1.61
7.06	1.59
6.99	1.56
6.92	1.54
7.09	1.68
6.98	1.6
6.97	1.57
7.09	1.66
6.99	1.69
7.09	1.54
7.24	1.75
7.15	1.62
7.05	1.58
7.01	1.57
6.85	1.49
6.95	1.52
6.99	1.64
7.02	1.6
6.97	1.61
6.94	1.5
6.97	1.51
6.74	1.39
6.73	1.37
6.66	1.37
6.56	1.28
6.71	1.42
6.66	1.38
6.72	1.36
6.73	1.44
6.85	1.45
6.93	1.48
7.06	1.58
7.07	1.5
7.12	1.54
7.03	1.43
6.93	1.38
6.86	1.48
6.94	1.45
6.71	1.38
6.89	1.44
6.87	1.47
6.97	1.52
6.99	1.48
6.92	1.46
6.86	1.4
6.89	1.42
6.86	1.43
6.79	1.38
6.75	1.35
6.74	1.33
6.75	1.3
6.84	1.27
6.64	1.27
6.56	1.19
6.61	1.22
6.68	1.22
6.48	1.22
6.28	1.12
6.34	1.17
6.34	1.16
6.47	1.2
6.66	1.24
6.77	1.24
6.73	1.17
6.67	1.1
6.56	1.05
6.5	0.99
6.36	0.99
6.22	0.97
6.1	0.93
6.01	0.94
6.19	1.03
6.52	1.09
6.58	1.12
6.78	1.23
6.85	1.17
6.85	1.22
6.93	1.21
7.1	1.26
7.13	1.32
7.15	1.26
7.2	1.22
7.24	1.31
7.19	1.35
7.28	1.34
7.47	1.37
7.6	1.5
7.64	1.46
7.87	1.48
7.92	1.48
8.03	1.47
8.14	1.48
8.16	1.57
8.25	1.51
8.28	1.51
8.23	1.55
8.25	1.56
8.36	1.57
8.63	1.7
8.87	1.77
9.14	1.89
9.21	1.93
9.25	1.81
9.54	1.94
9.75	1.95
9.97	2.11
10.13	2
10.36	2.15
10.43	2.18
10.56	2.16
10.75	2.17
10.66	2.18
10.81	2.34
11.06	2.44
11.37	2.58
12	2.84
12.4	2.98
12.86	3.09
13.26	3.28
13.5	3.3
13.8	3.54
14.14	3.61
14.49	3.83
14.95	4.09
15.66	4.38
16.16	4.56
16.69	4.76
17.16	4.94
17.44	5.11
17.75	5.26
18.27	5.45
18.81	5.84
19.36	6.11
19.98	6.44
20.47	6.71
21.22	7.17
21.8	7.39
22.43	7.8
22.88	8.14
23.49	8.57
23.96	8.88
24.73	9.4
25.66	9.92
26.3	10.5
27.4	10.91
28.33	11.51
29.18	11.99
30.31	12.73
30.96	13.01
31.38	13.29
31.5	13.66
31.8	13.95
32.68	14.54
33.99	15.45
35.39	16.47
36.58	17.31
37.38	17.76
37.83	18.27
37.92	18.59
38.35	19.15
39.33	19.72
40.29	20.83
41.81	21.89
43.12	22.84
44.28	23.66
45.03	24.42
46.06	25.23
47.06	26.04
47.74	26.75
48.4	27.41
48.93	28.19
49.71	28.94
50.32	29.31
51.08	30.1
51.79	31.05
52.65	31.82
53.95	32.71
54.77	33.7
55.96	34.59
56.84	35.52
58.04	36.36
59.09	37.4
60.25	38.22
60.8	38.71
60.84	39.14
61.1	39.44
61.34	39.73
61.83	40.43
62.4	41.19
62.94	41.75
63.45	42.63
63.89	43.09
64.41	43.82
65.41	44.65
65.91	45.56
66.78	46.22
67.78	47.16
68.94	48.32
70.08	48.96
70.95	49.85
70.99	49.82
70.8	49.76
70.21	49.74
70.34	50.01
70.64	50.7
71.57	51.73
72.26	52.15
72.88	52.82
73.26	53.45
74.12	53.98
74.54	54.62
74.97	55.05
75.42	55.46
76.31	56.18
77.1	56.92
77.58	57.24
77.86	57.59
78.04	57.63
78.39	58.08
79.24	58.8
80.23	59.78
81.54	60.82
82.77	61.63
84.01	62.85
84.87	63.72
85.55	64.74
86.07	65.51
87.38	67.27
88.75	69.11
90.07	71.5
90.55	72.95
90.59	74.05
90.71	74.49
90.43	74.32
88.78	71.59
88.66	70.92
89.39	71.47
90.3	72.49
91.2	74.38
91.69	76.02
91.83	76.54
91.58	76.24
90.15	74.37
88.59	71.38
87.47	69.2
86.13	67.34
84	65.15
82.01	63.2
81.51	62.94
80.97	62.33
81.25	62.79
81.87	63.3
82.68	63.54
83.3	64.14
83.37	64.35
83.51	64.5
83.41	64.61
83.59	64.84
84.17	65.01
84.51	65.59
85.23	66.13
86.08	67.09
87.25	68.03
88.14	68.48
88.41	69.04
88.78	69.5
88.18	69.04
87.18	68.4
86.33	67.74
84.96	66.58
84.3	66.16
84.14	65.98
84.32	66.17
84.74	66.48
85.55	66.93
85.8	67.31
86.61	67.77
86.99	68.47
87.63	68.76
88.27	69.26
89.64	70.72
90.17	71.27
91.19	72.65
91.94	74.75
92.08	75.03
92	75.16
91.7	75.41
90.73	74.23
89.62	72.86
87.76	70.23
87.18	69.28
86.65	68.78
85.93	67.59
87.03	68.39
87.6	69.02
89.29	70.42
90.51	71.52
91.97	73.46
92.69	75.13
93.6	77.86
93.9	79.43
94.03	80.95
93.69	80.76
93.65	80.78
92.47	79.17
91.19	76.53
90.19	74.34
89.44	72.71
88.23	70.58
87.2	69.4
86.61	68.47
85.87	67.58
84.78	66.99
84.64	66.65
85.34	67.19
86.36	68.08
87.67	68.83
87.94	68.83
87.64	68.74
86.91	67.87
86.13	67.55
85.55	67.05
85.5	66.95
85.95	67.59
85.82	66.98
85.76	67.12
85.4	66.8
85.29	66.56
85.15	66.42
85.32	66.73
85.6	66.79
86	67.24
86.64	67.76
87.42	68.38
88.52	69.2
89.89	70.24
91.74	72.4
94.14	75.89
94.61	78.71
93.91	79.94
93.7	80.25
90.82	76.35
89.72	74.27
88.19	71.38
86.74	69.35
85.45	67.99
84.96	67.08
85.26	67.1
84.67	66.59
84.78	66.6
85.05	66.88
85.99	67.65
86.36	67.57
86.43	67.39
85.2	66.42
84.87	66.58
85.66	67.24
87.14	68.45
87.85	69.26
88.82	69.97
88.1	69.7
87.12	68.77
86.27	67.92
86.17	68.26
86.32	68.02
86.12	67.91
86.39	67.9
86.09	67.39
86.03	67.36
85.76	67.23
85.4	66.98
85.2	66.83
85.49	66.91
85.59	66.87
86.2	67.55
87.25	68.26
87.61	68.57
87.41	68.59
86.14	67.58
85.45	67.21
84.95	66.54
85.26	66.86
85.23	66.81
85.75	67.14
86.32	67.5
87.36	68.08
87.48	67.99
87.33	67.9
86.98	67.77
87.43	68.46
88.31	68.92
88.53	69.63
88.24	69.3
87.47	68.63
87.31	68.22
87.9	68.99
88.49	69.44
89.38	70.64
90.64	72.18
91.65	73.73
92.11	75
92.73	77.15
93.63	79.81
97.25	84.62
100.85	92.38
100.85	100.85
100.85	100.85
100.85	100.85
100.85	100.85
100.85	100.85
100.85	100.85
100.85	100.85
100.85	100.85
100.85	99.83
100.85	96.87
100.85	98.6
100.85	100.85
100.85	100.85
100.85	100.85
100.85	100.85
100.85	100.85
100.85	100.85
100.85	100.06
100.85	92.63
100.73	86.84
97.23	84.01
97.45	84.53
100.8	89.48
100.85	96.81
100.85	100.85
100.85	100.85
100.85	100.85
100.85	96.28
100.85	89.72
97.9	82.8
91.21	76.11
86.26	69.27
86.38	67.41
85.75	66
85.2	64.93
85.71	65.09
86.5	65.82
88.33	67.79
89.36	69.35
89.13	70.15
88.73	69.94
87.73	68.78
87.1	67.8
87.03	67.29
86.64	66.64
86.03	65.5
84.92	63.92
83.89	62.81
82.92	61.63
82.15	60.91
81.46	60.17
80.65	59.42
79.8	58.66
79.58	58.54
79.13	57.96
78.82	57.68
79	57.57
79.52	57.79
79.95	57.93
80.44	58.26
80.49	58.14
80	57.71
79.26	57.1
78.42	56.49
77.9	55.88
77.79	55.8
77.2	55.19
77.24	55.16
77.59	55.32
78.07	55.63
79.21	56.31
80.04	56.65
80.98	57.49
81.35	57.76
81.11	57.66
80.98	57.53
80.42	56.67
79.93	56.33
79.03	55.46
78.37	54.89
77.76	54.29
78.34	54.53
78.62	54.72
78.41	54.48
78.17	53.9
77.12	53.19
75.55	52.12
74.66	51.27
73.65	50.29
72.58	49.79
71.71	49
71.03	48.53
70.56	47.87
70.41	47.7
70.42	47.42
70.95	47.71
71.89	48.3
73.79	49.34
75.39	50.38
77.9	51.96
80.75	54.49
84.6	57.86
85.84	59.26
85.11	58.33
81.68	55.06
78.11	52.24
74.2	49.3
72.54	47.9
70.51	46.51
69	45.17
67.92	44.36
66.87	43.72
66.33	42.98
65.97	42.62
65.81	42.31
65.51	42.18
65.38	42
66.17	42.29
67.21	42.75
69.74	44.33
73.38	46.18
78.19	49.75
82.35	53
83.46	53.98
81.7	52.5
79.89	50.98
79.92	51.13
82.97	53.66
91.47	62.81
100.69	77.46
100.85	89.41
100.85	92.54
100.85	90.79
100.85	83.35
100.79	74.99
93.52	65.67
87.05	58.13
81.31	52.18
76.16	47.79
73.07	45.21
72.97	44.7
75.25	46.02
81.83	50.62
89.62	58.2
94.46	64.33
93.92	63.74
89.98	58.7
82.26	51.25
74.41	45.43
67.41	41.09
62.77	38.16
64.25	38.57
67.33	40.09
72.42	42.91
75.45	44.62
73.2	43.09
67.45	39.74
61.16	36.06
57.81	34.22
56.37	33.36
55.08	32.58
54.92	32.19
55.75	32.43
57.48	33.33
61.47	35.38
69.13	39.91
83.13	49.33
91.97	58.15
94.46	61.5
91.44	58.14
85.57	51.82
79.09	46.91
75.48	44.16
72.18	41.92
68.29	39.37
62.13	35.62
56.66	32.47
55.28	31.54
54.98	31.32
55.22	31.46
55.39	31.34
55.84	31.44
57	32.1
57.74	32.39
57.08	31.93
54.38	30.4
51.26	28.88
49.37	28.04
47.95	27.31
47.09	27
46.76	26.6
46.77	26.66
46.75	26.59
46.59	26.47
46.39	26.36
46.52	26.32
46.57	26.19
46.99	26.36
47.47	26.64
48.03	26.74
48.04	26.6
47.25	26.03
46.15	25.52
45.44	25.25
45.18	25.24
44.96	25.26
45.01	25.26
44.78	25.14
44.98	25.12
44.98	25.15
44.94	25.21
44.98	25.14
44.83	25.03
44.72	24.92
44.37	24.81
44.36	24.74
44.47	24.74
44.38	24.76
44.31	24.72
44.48	24.82
44.43	24.73
44.3	24.66
44.34	24.74
44.5	24.66
44.74	24.67
44.73	24.49
43.87	24.09
43.58	24
43.49	24
43.66	24.11
43.72	24.23
43.86	24.24
43.74	24.06
43.7	24.21
43.88	24.16
43.98	24.19
44.35	24.38
44.5	24.35
45.28	24.68
45.2	24.43
44.66	24.11
43.59	23.61
42.67	23.16
42.48	23.25
42.71	23.53
42.74	23.69
43.1	23.78
43.7	24.19
43.81	24.15
43.77	24.05
43.33	23.72
43.26	23.73
43.34	23.77
44.09	24.18
44.58	24.47
45.04	24.57
44.76	24.25
44.1	23.89
43.59	23.65
42.94	23.45
42.85	23.44
42.97	23.71
43.45	24.06
43.98	24.21
44.34	24.47
44.67	24.54
44.26	24.51
43.96	24.18
43.16	23.9
43.08	23.98
43.66	24.43
44	24.63
44.06	24.78
43.9	24.77
43.64	24.91
44.12	24.92
44.4	25.15
44.62	25.54
44.8	25.55
45	25.65
45.05	26.1
45.26	26.21
45.55	26.17
45.7	26.35
45.69	26.51
45.93	26.55
46.2	26.91
46.57	27.18
46.67	27.27
46.87	27.39
46.8	27.56
47.05	27.78
47.55	27.82
47.72	28.23
47.9	28.35
47.96	28.57
48.51	29
48.87	29.2
48.96	29.37
49.48	29.59
49.54	29.79
49.8	30.1
50.47	30.56
50.96	30.68
51.02	31.05
51.59	31.59
51.89	31.71
51.93	31.7
52.35	32.13
52.8	32.45
52.67	32.44
52.55	32.62
52.59	32.85
53.27	33.44
53.8	33.86
53.87	34.21
54.49	34.75
55.17	35.26
55.9	35.87
56.4	36.24
57.28	36.77
57.76	37.14
57.61	37.1
57.43	37.19
57.52	37.22
58.19	37.97
59.09	38.69
60.63	39.6
62.17	40.85
63.47	41.27
62.75	40.78
60.87	39.64
59.01	38.85
59.06	39.33
60.08	40.5
61.21	41.48
61.54	42.4
62.67	43.31
63.95	44.19
64.54	44.69
65.5	45.34
66.16	45.87
66.65	46.43
66.95	47.34
67.77	47.81
68.75	48.69
70.27	49.74
71.52	50.33
72.21	50.78
71.46	50.53
71.14	50.16
72.5	51.41
74.21	52.7
73.66	52.1
71.69	51.11
70.06	50.41
69.92	50.78
71.11	52.06
71.87	53.32
73	54.51
74.35	55.46
75.08	56.37
76.65	57.63
77.86	58.46
79.8	59.84
81.94	61.22
83.25	61.91
81.42	60.8
79.19	58.96
77.61	58.49
77.99	59.33
78.76	60.27
79.19	61.37
80.1	61.98
80.63	63.01
81.6	64
82.08	64.48
82.85	65.55
83.8	66.39
84.53	67.3
85.17	67.8
85.61	68.45
86.32	68.78
86.35	69.46
87.29	70.11
87.81	70.53
88.06	71.26
88.17	71.46
88.86	72.17
89.03	72.75
90.15	73.69
90.45	73.97
90.96	74.6
90.95	74.76
91.12	74.93
91.4	75.52
91.85	75.78
92.11	76.15
92.43	76.74
92.84	76.95
93.33	77.51
93.5	77.68
93.13	77.89
93.94	78.4
93.86	78.72
94.66	78.82
94.67	79.23
94.85	79.36
95.57	80.2
95.13	80.06
95.5	80.55
95.95	80.96
96.32	81.14
96.83	81.4
97.69	81.97
98.43	82.78
99.74	83.27
100.67	84.12
99.99	83.21
99.03	82.41
97.56	81.45
96.94	81.42
96.44	80.9
96.74	81.92
97.14	82.54
97.71	83.33
98.98	84.23
99.31	85.23
99.77	85.35
99.46	85.26
99.76	85.65
99.63	85.83
100.53	86.61
100.55	86.85
100.91	87.41
101.04	87.54
101.27	87.61
101.41	87.86
103.04	89.31
104.7	90
103.89	89
102.83	88.27
101.53	87.65
100.94	87.06
101.23	87.5
101.9	88.52
102.54	88.85
103.28	89.43
103.44	90.01
103.05	90.01
103.22	90.38
103.24	90.37
104.14	90.96
103.48	90.75
105.28	92.35
105.32	92.2
105.37	92.8
105.75	92.54
105.37	93.26
105.38	93.04
106.47	93.47
106.77	94.16
106.59	94.23
107.23	94.97
107.52	95.42
107.56	95.62
108.22	96.25
108.6	96.09
108.87	96.8
108.9	96.54
109.07	97.6
109.52	97.76
110.03	98.02
110.07	98.65
110.86	99.39
110.79	98.76
111.59	99.7
112.17	100.11
112.62	101.05
112.71	101.03
112.72	101.58
113.5	101.5
113.75	102.06
114.07	102.36
113.96	103.03
114.33	102.75
114.77	103.69
115.37	103.63
115.65	104.28
115.79	105.02
116.66	105.34
116.84	104.89
115.98	104.81
115.8	104.36
116.09	104.71
116.51	105.28
116.89	105.09
116.55	105.43
116.16	105.54
117.11	105.7
117.25	106.24
117.82	107.21
118.75	107.96
118.84	108.08
119.48	108.56
120.36	109.27
121.21	110.42
120.89	109.92
121.97	110.85
121.44	110.69
122.21	111.21
122.14	111.17
123.02	111.46
124.42	112.89
125.99	113.78
128.93	115.62
128.41	114.96
125.78	111.77
121.76	108.9
119	107.42
119.16	108.09
119.86	109.09
120.69	110.33
121.83	111.59
122.39	112.62
122.22	112.82
123.09	113.07
123.46	113.78
124.5	114.6
125.02	115.72
124.73	115.56
125.05	116.21
126.08	117.14
126.56	116.57
126.62	117.47
127.41	118.06
127.72	118.53
128.45	119.04
127.73	119.15
128.32	119.79
128.79	120.23
128.72	120.43
129.09	120.53
129.52	120.42
129.53	120.95
130.84	121.79
131.29	122.13
130.03	120.14
129.49	119.24
128.32	118.92
129	119.59
128.7	120.15
129.14	120.78
129.45	121.48
130.47	121.54
130.68	122.59
130.37	121.68
131.47	122.89
130.8	122.56
131.15	122.58
132.24	123.33
131.84	123.85
131.62	124
131.16	124.41
132.26	124.13
132.24	123.83
132.03	123.73
132.03	123.77
132.14	123.61
133.37	125.32
133.17	125.25
133.21	124.28
134.03	125.87
133.67	125.9
135.44	125.96
134.45	125.99
135	126.11
135.66	125.87
135.27	126.42
137.91	127.29
137.48	126.61
136.27	125.76
133.85	123.11
131.26	121.93
132.61	123.17
132.07	122.64
132.91	124.95
133.81	125.77
135.11	127.01
134.9	127.62
134.87	127.62
134.33	127.07
134.7	129.22
134.75	128.18
135.85	128.86
135.68	128.88
136.36	129.33
136.38	128.44
136.89	130.02
137.14	130.39
137.18	130.66
138.52	131.8
139.66	131.72
139.83	133.18
139.91	133.13
139.52	132.23
138.05	132.03
138.49	131.94
138.81	132.56
138.56	131.11
138.52	131.61
138.37	131.23
137.75	130.73
137.39	129.78
136.66	129.73
136.16	128.15
136.04	129.03
135.35	128.32
134.95	128.66
136.81	129.56
136.7	128.52
137.92	129.91
136.94	128.77
137.61	129.46
137.21	128.58
137.36	129.16
136.47	129.31
137.86	130.3
136.99	128.53
137.19	129.21
136.79	128.87
137.89	129.55
138.95	130.13
139.57	130.27
140.96	131.12
143.44	133.63
145.9	134.23
145.92	135.03
142.17	129.78
135.86	124.23
130.91	120.85
129.8	120.08
129.97	120.64
130.71	121.35
131.41	122.38
131.6	123.01
132.01	123.92
131.93	123.22
132.52	123.98
134.94	125.89
134.18	125.47
133.46	124.9
134.57	126.01
134.81	125.72
134.44	125.64
134.2	126.45
134.67	126.47
135.52	126.89
136.19	127.42
134.32	125.93
135.93	128.05
136.75	127.26
136.6	127.32
136.28	127.85
135.39	127.21
136.32	127.83
136.06	127.47
135.92	126.2
134.88	126.38
134.57	125.96
135.32	126.99
135.59	127.08
135.59	126.91
136.37	128.67
136.99	128.84
136.62	129.42
137.62	129.27
137.78	131.2
138.62	130.91
136.61	129.7
137.62	129.67
135.68	128.32
135.07	127.98
135.68	127.86
135.54	127.46
135.81	127.1
135.45	126.72
135.79	126.86
135.1	125.56
135.31	126.58
136.75	127.18
137.06	126.73
134.9	124.57
135.42	124.36
133.05	123.33
133.08	124.11
133.7	123.99
134.45	124.54
134.69	124.96
134.89	125.88
134.4	124.52
134.11	124.73
134.93	125.89
135.67	126.11
135.65	126.29
134.87	126
135.24	125.77
133.64	124.48
134.18	124.84
132.64	122.61
132.93	123.27
132.63	122.7
132.79	123.13
133.32	123.02
134.42	124.98
133.93	124.95
133.57	124.57
134.99	125.77
136.44	125.98
134.77	124.81
134.73	125.23
135.24	124.94
133.61	125.29
134.28	125.1
135.82	125.79
134.98	125.53
135.61	125.1
136.65	127.72
137.98	126.95
137.42	127.93
134.18	125.31
134.93	125.18
135.9	126.07
136.52	126.18
135.91	124.8
135.79	125.35
135.26	125.32
135.42	125.18
135.47	125.88
136.28	125.99
137.23	126.42
135.68	126.59
135.54	125.55
133.83	124.74
135.26	125.84
136.92	126.32
136.21	125.35
134.95	124.92
131.81	122.28
130.77	119.71
129.63	119.02
130.61	120.35
130.33	120.53
131.34	121.55
131.78	121.89
131.62	121.45
131.14	120.95
132.43	121.77
130.79	121
131.66	122.34
130.65	120.57
132.39	122.86
132.01	123.33
132.8	123.48
132.88	123.52
132.14	123.16
132.01	123.12
131.15	122.43
131.09	122.18
131.15	122.69
130.38	121.52
129.83	120.41
131.79	120.63
129.34	120.07
129.44	119.98
129.89	119.33
129.14	117.89
129.51	118.3
129.06	118.08
128.07	118.83
129.59	118.76
128.28	119.33
129.02	119.19
129.03	118.13
129.74	118.91
128.37	117.64
128.79	117.85
129.28	118.14
128.11	117.93
128.69	118.43
129.02	118.57
128.56	117.66
128.99	117.64
130.14	119.05
130.87	119.98
129.53	118.79
129.49	117.94
130.08	118.41
128.5	117.89
130.98	119.61
129.22	118.95
129.41	117.72
127.8	117.34
127.21	117.72
129.38	118.35
128.49	118.17
128.94	117.92
127.62	117.69
129.99	118.67
128.61	118
129.2	118.67
127.31	117.7
128.6	117.75
127.57	117.46
129.13	118.08
129.61	117.46
127.83	116.73
129.18	117.6
128.27	117.93
128.28	116.82
128.91	117.95
129.21	118.83
128.83	118.65
130.84	118.63
130.18	118.7
131.21	121.76
129.52	120.13
129.75	120.94
133.93	123.75
135.07	126.19
137	128.29
137.89	128.52
139.44	129.76
140.45	129.02
139.62	127.9
138.72	127.42
137.56	126.93
137.81	126.66
139.87	127.61
141.48	131.03
144.84	133.33
152.16	141.49
154.8	143.08
151.43	140.25
144.38	134.48
137.93	129.12
135.31	125.55
134.4	125.91
134.69	125.6
134.91	124.73
136.12	125.99
134.63	123.92
132.46	121.42
129	119.82
128.66	118.65
129.46	118.66
128.11	116.42
128.43	117.92
127.47	116.78
128.06	116.64
128.27	116.84
128.97	117.17
126.33	115.52
125.25	114.24
126.96	116.77
124.88	114.05
126.55	115.27
125.42	114.21
124.26	113.59
125.82	112.98
124.29	114.36
125.62	113.13
127.25	115.11
126.52	113.66
123	110.81
124.82	114.21
124.61	112.95
124.34	113.99
125.43	112.98
124.42	112.35
126.04	113.66
127.32	115.65
124.63	112.2
124.1	113.03
123.98	112.82
124.52	113.07
126.79	114.31
125.95	113.29
126.38	114.03
125.62	112.82
124.08	112.37
126.5	113.14
124.07	112.07
126.58	114.28
127.4	114.1
126.87	112.88
127.54	114.64
124.7	113.07
127.07	114.18
127.66	115.24
124.07	113.71
125.12	112.65
125.72	113.12
123.72	112.88
125.34	112.77
123.57	111.03
123.92	112.75
124.81	112.06
126.72	113.93
126.16	112.72
124.36	111.15
124.5	111.07
124.69	112.46
125.88	112.85
124.82	111.95
126.09	113.64
127.94	114.55
123.65	113.95
125.4	113.65
125.81	113.24
127.02	115.39
131.82	119.39
132.15	119.41
131.05	121.73
130.68	117.95
131.13	118.47
129.93	118.11
127.8	116.11
126.52	116.32
128.11	115.97
130.03	116.14
127.49	116.15
127.25	115.54
127.39	115.36
125.1	113.85
128.14	114.4
128.93	116.56
128.62	115.45
124.73	111.6
127.46	113.89
127.12	114.63
129.13	116.51
128.31	115.43
129.58	117.55
128.57	114.29
130.58	115.4
127.03	118.08
129.53	117.68
130.09	118.76
131.4	118.8
131.19	119.35
130.9	117.66
131.48	118.03
130.39	116.5
129.67	117.93
128.11	114.14
127.26	115.11
127.89	115.8
127.44	113.6
127.47	115.56
128.44	116.56
126.57	115.26
126.79	115.47
126.33	113.54
127.24	114.26
128.19	116.1
128.57	115.21
125.59	114.75
126.61	114.75
128.14	116.54
127.24	113.9
125.75	113.93
127.29	113.05
128.23	115.09
126.55	113.35
129.23	114.55
128.51	115.93
128.21	115.88
127.72	113.77
130.04	116.54
127.57	116.6
131.47	119.09
127.68	115.93
128.26	116.55
129.52	117.83
128.36	116.26
127.79	116.98
129.92	117.19
131.3	114.92
130.65	118.91
129.29	115.17
128.47	115.2
126.53	112.85
125.49	114.93
130.06	115.67
125.7	114.46
132.53	117.78
126.98	116.52
130.19	116.54
127.41	112.88
127.17	115.24
127.81	113.19
130.07	116.9
129.95	115.59
128.62	117.85
130.4	118.05
131.96	120.13
132.83	117.29
129.37	115.49
133.83	118.1
130.04	117.42
131.82	118
133.77	121.43
132.54	119.38
133.39	119.09
134.36	119.25
136.62	121.76
134.62	121.69
135.47	123.57
136.03	124.94
133.7	119.57
136.13	123.61
135.96	121.75
138.41	122.28
140.32	124.35
139.82	127.11
140.53	127.44
143	129.88
145.14	130.47
144.77	131.95
146.71	132.68
151.48	139.02
164.54	150.29
176.23	162.84
180.84	167.66
176.88	162.05
166.09	154.39
154.9	144.69
149.7	140.3
145.15	138.99
145.57	138.89
144.16	139.12
142.95	138.85
142.83	138.63
141.6	135.79
138.5	134.15
140.13	132.21
142.16	134.96
147.58	135.82
150.65	140.26
161.47	149.33
158.4	146.96
154.24	143.03
149.23	138.55
144.74	136.02
142.89	134.28
141.02	134.47
144.51	137.5
140.75	134.68
137.59	132.86
137.35	131.83
133.06	127.4
134.29	129.11
133.73	127.12
131.8	122.37
134.47	124.87
135.53	124.97
138.68	128.23
142.59	128.22
144.22	130.3
144.28	131.93
147.67	135.5
153.56	138.89
153.32	140.52
151.42	138.94
149.23	138.02
145.84	132.84
141.69	129.53
140.57	129.42
137.28	128.91
135.62	129.43
135.07	129.35
132.26	124.46
135.09	126.94
133.16	124.38
133.77	122.04
131.41	121.72
134.57	125.32
132.43	122.83
131.67	118.17
132.33	123.16
133.16	117.67
133.54	122.86
137.76	125.19
141.2	131.03
143.32	129.67
139.23	124.71
139.07	126.77
134.09	125.46
135.31	126.27
130.37	122.22
136.03	126.41
132.65	121.18
129.92	124.28
129.02	114.35
127.06	117.45
123.64	114.62
128.74	118.04
123.96	114.91
131.56	119.03
127.55	115.36
128.37	115.88
130.05	117.92
121.61	110.75
120.78	113.1
128.27	110.3
124.39	114.66
129.49	120.61
123.5	117.58
127.93	114.5
130.66	117.16
120.92	103.74
133	123.32
127.19	118.36
133.32	121.25
132.25	117.98
124.2	110.39
133.81	116.71
121.69	115.03
125.85	111.02
119.76	110.96
120.7	110.86
126.45	112.54
125.57	109.09
128.5	111.74
125.26	115.26
129.64	125.07
132.89	124.97
121.33	109.17
124.03	111.24
127.88	109.65
126.73	112.78
120.54	109.72
121.37	118.6
132.09	118.3
124.81	112.9
136.07	124.3
127.82	115.58
137.03	118.09
122.51	112.03
125.47	114.29
123.67	106.49
128.68	115.37
126.24	111.49
123.24	110.92
128.62	115.31
127.52	115.17
128.84	122.6
129.65	119.6
134.35	111.37
123.07	121.22
124.17	112.04
124.24	107.29
130.69	118.38
133.36	119.89
139.38	118.17
136.16	121.85
124.73	113.96
134.28	120.81
129.07	115.43
132.17	110.06
122.22	117.16
128.22	118.75
133.5	120.71
134.49	119.81
131.68	116.92
146.2	118.92
130.32	115.58
132.98	112.78
132.28	126.24
134.08	121.55
130.32	112.65
129.01	126.63
135.09	124.2
126.35	120.02
133.27	117.55
131.95	122.51
142.82	121.47
137.4	129.76
129.84	123.7
137.59	124.6
122.87	113.91
127.72	116.69
135.45	118.15
130.9	113.36
137.11	119.5
142.8	131.25
140.63	121.17
134.67	124.77
134.41	111.9
140.44	124.88
131.48	112.73
136.36	138.67
140.8	127.88
120.36	115.14
133.82	124.57
133.61	112.3
131.08	117.58
131.56	126.74
136.01	125.47
131.4	119.72
130.09	118.57
143.12	119.12
135.11	123
138.25	125.81
137.26	122.23
139.31	138.32
133.21	125.66
140.83	134.6
137.09	130.57
145.47	133.63
133.51	120.54
130.48	119.09
130.48	119.09
130.48	119.09
